1434400881.039  0.99072  0.00732  0.02417 -0.51376 -0.10550 -0.34954
1434400881.059  0.99487  0.01025  0.02856 -0.51560 -0.10734 -0.35138
1434400881.078  0.99683  0.00635  0.02783 -0.51560 -0.10459 -0.35046
1434400881.098  0.99463  0.00830  0.02710 -0.51376 -0.10734 -0.34862
1434400881.119  0.99365  0.00732  0.02539 -0.51560 -0.10642 -0.34954
1434400881.139  0.99536  0.00781  0.02881 -0.51743 -0.10734 -0.35046
1434400881.159  0.98926  0.00732  0.02612 -0.51193 -0.10459 -0.35046
1434400881.179  0.99707  0.01221  0.02881 -0.51468 -0.10550 -0.35046
1434400881.199  0.99316  0.00635  0.02466 -0.51468 -0.10826 -0.35046
1434400881.219  0.99268  0.00366  0.02734 -0.51743 -0.10734 -0.34954
1434400881.238  0.99365  0.01025  0.02881 -0.51468 -0.10550 -0.34862
1434400881.259  0.99121  0.00684  0.02930 -0.51284 -0.10550 -0.35046
1434400881.279  0.99463  0.00879  0.02783 -0.51560 -0.10734 -0.35321
1434400881.299  0.99634  0.00439  0.02466 -0.51560 -0.10459 -0.34862
1434400881.319  0.99609  0.00830  0.02808 -0.51193 -0.10642 -0.34862
1434400881.339  0.99487  0.00488  0.02734 -0.51468 -0.10734 -0.34862
1434400881.359  0.99121  0.01221  0.02466 -0.51009 -0.10826 -0.34679
1434400881.379  0.99170  0.00586  0.02783 -0.51468 -0.10826 -0.34862
1434400881.399  0.99170  0.00830  0.02856 -0.51468 -0.11009 -0.34954
1434400881.419  0.99390  0.00366  0.02197 -0.51468 -0.10642 -0.34862
1434400881.439  0.99414  0.00732  0.03027 -0.51468 -0.10550 -0.35138
1434400881.459  0.99316  0.00586  0.02490 -0.51468 -0.10642 -0.34954
1434400881.479  0.99536  0.00928  0.02588 -0.51468 -0.10826 -0.34862
1434400881.499  0.99292  0.00439  0.02612 -0.51376 -0.10642 -0.34771
1434400881.518  0.99268  0.00684  0.02588 -0.51560 -0.10642 -0.34587
1434400881.539  0.99463  0.00952  0.02368 -0.51376 -0.10275 -0.34862
1434400881.559  0.99341  0.01074  0.02881 -0.51376 -0.10459 -0.34954
1434400881.579  0.99585  0.00464  0.02637 -0.51376 -0.10642 -0.34862
1434400881.599  0.99268  0.01025  0.02930 -0.51101 -0.10550 -0.34771
1434400881.618  0.99683  0.00977  0.02441 -0.51468 -0.10642 -0.34954
1434400881.638  0.99585  0.00732  0.02832 -0.51560 -0.10550 -0.34862
1434400881.658  0.99072  0.00879  0.03027 -0.51468 -0.10642 -0.34771
1434400881.678  0.99463  0.00977  0.02344 -0.51376 -0.10826 -0.34862
1434400881.699  0.99316  0.01147  0.02637 -0.51835 -0.10642 -0.34862
1434400881.719  0.99512  0.00635  0.02905 -0.51468 -0.10734 -0.34954
1434400881.739  0.99292  0.00977  0.02856 -0.51743 -0.10642 -0.35138
1434400881.758  0.99316  0.00537  0.02539 -0.51560 -0.10459 -0.35229
1434400881.778  0.99536  0.01001  0.02490 -0.51376 -0.10826 -0.34771
1434400881.798  0.99316  0.01025  0.02856 -0.51651 -0.10734 -0.34862
1434400881.818  0.99121  0.00635  0.02686 -0.51468 -0.10734 -0.34771
1434400881.838  0.99316  0.00952  0.02881 -0.51193 -0.10550 -0.34862
1434400881.859  0.99512  0.01025  0.02661 -0.51560 -0.10734 -0.34771
1434400881.879  0.99243  0.00928  0.02979 -0.51468 -0.10826 -0.35138
1434400881.899  0.98755  0.00781  0.02710 -0.51284 -0.10734 -0.34771
1434400881.919  0.99023  0.00879  0.02783 -0.51284 -0.10826 -0.34862
1434400881.939  0.99268  0.00684  0.02759 -0.51468 -0.10550 -0.34771
1434400881.959  0.99463  0.00928  0.02686 -0.51651 -0.10642 -0.34862
1434400881.979  0.99438  0.01025  0.02783 -0.51468 -0.10642 -0.34862
1434400881.999  0.99634  0.00732  0.02856 -0.51560 -0.10826 -0.35046
1434400882.019  0.99365  0.00684  0.02905 -0.51468 -0.11009 -0.34862
1434400882.039  0.99146  0.01050  0.02759 -0.51468 -0.10550 -0.34862
1434400882.058  0.99146  0.01270  0.02686 -0.51468 -0.10642 -0.34771
1434400882.079  0.99487  0.00684  0.02588 -0.51560 -0.10734 -0.34771
1434400882.099  0.99438  0.00928  0.03027 -0.51376 -0.10642 -0.34954
1434400882.118  0.99414  0.01270  0.02637 -0.51284 -0.10734 -0.34862
1434400882.139  0.99146  0.00635  0.02490 -0.51284 -0.10826 -0.34954
1434400882.158  0.99438  0.00928  0.02905 -0.51560 -0.10550 -0.35046
1434400882.179  0.99390  0.00732  0.02881 -0.51651 -0.10459 -0.35229
1434400882.198  0.99365  0.01123  0.02686 -0.51468 -0.10642 -0.35046
1434400882.218  0.99414  0.00830  0.02979 -0.51193 -0.10734 -0.34954
1434400882.238  0.99365  0.00537  0.02759 -0.51284 -0.10734 -0.34862
1434400882.258  0.99341  0.00610  0.02368 -0.51560 -0.10459 -0.34771
1434400882.279  0.99561  0.01416  0.02710 -0.51376 -0.10734 -0.34862
1434400882.298  0.99048  0.00781  0.03125 -0.51376 -0.10734 -0.34862
1434400882.319  0.99170  0.00684  0.02661 -0.51468 -0.10734 -0.34679
1434400882.338  0.99072  0.00977  0.03027 -0.51376 -0.10550 -0.34862
1434400882.358  0.99072  0.00732  0.02588 -0.51376 -0.10734 -0.35046
1434400882.378  0.99561  0.00830  0.02588 -0.51009 -0.10734 -0.34587
1434400882.398  0.99463  0.00781  0.02563 -0.51560 -0.10642 -0.34679
1434400882.418  0.99316  0.01074  0.02588 -0.51193 -0.10734 -0.35138
1434400882.439  0.99536  0.00830  0.02881 -0.51651 -0.10550 -0.34954
1434400882.458  0.99268  0.00732  0.02588 -0.51101 -0.10734 -0.34954
1434400882.478  0.99219  0.00635  0.02539 -0.51376 -0.10459 -0.35046
1434400882.498  0.99438  0.00562  0.02808 -0.51376 -0.10826 -0.34954
1434400882.518  0.99268  0.01001  0.03027 -0.51560 -0.10642 -0.34954
1434400882.538  0.99292  0.00879  0.02710 -0.51468 -0.10459 -0.34954
1434400882.559  0.98926  0.01099  0.02881 -0.51560 -0.10550 -0.35138
1434400882.578  0.99536  0.00830  0.02563 -0.51651 -0.10734 -0.34954
1434400882.598  0.99097  0.00928  0.02612 -0.51560 -0.10459 -0.34862
1434400882.618  0.99219  0.00854  0.02417 -0.51560 -0.10734 -0.35046
1434400882.638  0.99585  0.00635  0.02612 -0.51560 -0.10459 -0.35046
1434400882.658  0.99292  0.00977  0.02490 -0.51284 -0.10917 -0.34771
1434400882.679  0.99561  0.00879  0.02734 -0.51376 -0.10642 -0.35138
1434400882.699  0.99634  0.00903  0.02686 -0.51193 -0.10642 -0.34679
1434400882.719  0.99658  0.00732  0.02930 -0.51560 -0.10734 -0.34862
1434400882.738  0.99438  0.01001  0.02881 -0.51560 -0.10367 -0.35138
1434400882.758  0.99219  0.00781  0.02588 -0.51468 -0.10642 -0.34954
1434400882.778  0.99487  0.00830  0.02588 -0.51651 -0.10642 -0.34954
1434400882.798  0.99414  0.00952  0.02710 -0.51468 -0.10826 -0.34771
1434400882.818  0.99316  0.00391  0.02734 -0.51468 -0.10642 -0.34954
1434400882.839  0.99316  0.00879  0.02734 -0.51468 -0.10826 -0.34862
1434400882.858  0.99561  0.01099  0.02905 -0.51284 -0.10550 -0.35046
1434400882.878  0.99121  0.01172  0.02686 -0.51193 -0.10734 -0.34954
1434400882.898  0.99316  0.00830  0.02710 -0.51468 -0.10826 -0.34862
1434400882.918  0.99780  0.00659  0.02441 -0.51560 -0.10550 -0.35046
1434400882.938  0.99219  0.01270  0.02905 -0.51468 -0.10642 -0.34862
1434400882.958  0.99097  0.00586  0.02783 -0.51743 -0.10826 -0.34771
1434400882.979  0.99243  0.01025  0.02710 -0.51743 -0.10734 -0.34679
1434400882.998  0.99072  0.01123  0.02637 -0.51560 -0.10734 -0.34771
1434400883.019  0.99072  0.00635  0.02783 -0.51376 -0.10642 -0.34862
1434400883.038  0.99268  0.00952  0.02759 -0.51376 -0.10459 -0.34954
1434400883.058  0.99121  0.00928  0.02808 -0.51651 -0.10642 -0.35321
1434400883.078  0.99536  0.00879  0.02832 -0.51284 -0.10642 -0.34771
1434400883.098  0.99438  0.01074  0.02905 -0.51468 -0.10734 -0.34954
1434400883.119  0.99658  0.00928  0.02734 -0.51376 -0.10826 -0.34771
1434400883.138  0.99414  0.01172  0.02661 -0.51651 -0.10734 -0.35046
1434400883.159  0.99414  0.01074  0.02344 -0.51468 -0.10917 -0.34771
1434400883.178  0.98975  0.00684  0.02563 -0.51468 -0.10734 -0.34771
1434400883.198  0.99438  0.00732  0.02734 -0.51560 -0.10642 -0.34862
1434400883.218  0.99072  0.01025  0.02661 -0.51560 -0.10826 -0.35138
1434400883.238  0.99219  0.00879  0.02246 -0.51651 -0.10642 -0.34679
1434400883.259  0.99219  0.00903  0.02783 -0.51651 -0.10642 -0.34954
1434400883.279  0.99023  0.00830  0.02637 -0.51193 -0.10550 -0.35138
1434400883.298  0.99365  0.00928  0.02979 -0.51651 -0.10550 -0.34954
1434400883.318  0.98853  0.00586  0.02856 -0.51468 -0.10550 -0.34954
1434400883.338  0.99170  0.00854  0.02954 -0.51560 -0.10917 -0.34862
1434400883.358  0.99023  0.01001  0.02832 -0.51468 -0.10826 -0.34954
1434400883.379  0.99390  0.00781  0.02881 -0.51376 -0.10734 -0.35046
1434400883.399  0.99341  0.00879  0.02905 -0.51376 -0.10642 -0.35229
1434400883.419  0.99390  0.01025  0.02954 -0.51468 -0.10734 -0.35321
1434400883.438  0.98877  0.00781  0.02661 -0.51376 -0.10550 -0.34954
1434400883.458  0.99219  0.00830  0.02881 -0.51560 -0.10734 -0.34954
1434400883.478  0.99512  0.00781  0.02783 -0.51376 -0.10826 -0.34771
1434400883.498  0.99292  0.01050  0.02759 -0.51284 -0.10642 -0.34954
1434400883.519  0.99609  0.00977  0.02490 -0.51468 -0.10642 -0.35046
1434400883.539  0.99292  0.00830  0.02881 -0.51376 -0.10459 -0.34954
1434400883.559  0.99365  0.01025  0.02588 -0.51376 -0.10642 -0.35138
1434400883.579  0.99390  0.01099  0.02954 -0.51560 -0.10734 -0.35046
1434400883.599  0.99023  0.00635  0.02832 -0.51468 -0.10550 -0.34954
1434400883.619  0.99390  0.00928  0.02441 -0.51468 -0.10826 -0.34954
1434400883.639  0.99341  0.00830  0.02979 -0.51743 -0.10550 -0.34862
1434400883.659  0.99121  0.00586  0.02734 -0.51560 -0.10642 -0.34771
1434400883.679  0.98950  0.01050  0.02612 -0.51468 -0.10275 -0.34862
1434400883.699  0.99292  0.00928  0.02612 -0.51468 -0.10550 -0.34862
1434400883.718  0.99585  0.00635  0.03174 -0.51468 -0.10642 -0.34954
1434400883.738  0.99536  0.00586  0.02710 -0.51651 -0.10642 -0.34862
1434400883.758  0.99512  0.00928  0.02588 -0.51468 -0.10734 -0.34862
1434400883.779  0.99316  0.00903  0.02710 -0.51468 -0.10550 -0.35505
1434400883.799  0.99512  0.01294  0.02808 -0.51835 -0.10734 -0.34862
1434400883.819  0.99512  0.00684  0.02856 -0.51284 -0.10734 -0.35138
1434400883.839  0.99365  0.00732  0.02490 -0.51376 -0.10550 -0.34771
1434400883.858  0.98853  0.00977  0.02417 -0.51284 -0.10826 -0.35046
1434400883.878  0.99341  0.00684  0.02783 -0.51468 -0.10734 -0.35046
1434400883.898  0.99292  0.00781  0.02734 -0.51468 -0.10642 -0.34679
1434400883.918  0.99243  0.00781  0.02783 -0.51376 -0.10734 -0.34954
1434400883.939  0.99341  0.00488  0.02979 -0.51376 -0.10550 -0.34954
1434400883.959  0.99316  0.00830  0.02856 -0.51284 -0.10642 -0.34771
1434400883.979  0.99072  0.00586  0.02710 -0.51560 -0.10642 -0.34954
1434400883.999  0.99268  0.01099  0.02466 -0.51376 -0.10734 -0.35046
1434400884.019  0.99268  0.00928  0.02515 -0.51468 -0.10642 -0.34954
1434400884.039  0.99658  0.00977  0.02808 -0.51468 -0.10550 -0.34679
1434400884.059  0.99658  0.00879  0.02856 -0.51376 -0.10734 -0.34862
1434400884.079  0.98877  0.00488  0.02588 -0.51376 -0.10734 -0.34954
1434400884.099  0.99390  0.00732  0.02710 -0.51468 -0.10826 -0.34862
1434400884.119  0.99316  0.00488  0.02710 -0.51284 -0.10642 -0.34862
1434400884.138  0.99341  0.00562  0.02686 -0.51651 -0.10642 -0.34862
1434400884.158  0.99048  0.00684  0.02661 -0.51560 -0.10734 -0.35046
1434400884.178  0.99512  0.00586  0.02686 -0.51284 -0.10459 -0.35046
1434400884.198  0.99414  0.01001  0.02734 -0.51376 -0.10459 -0.34587
1434400884.219  0.99512  0.01001  0.02856 -0.51651 -0.10917 -0.34954
1434400884.239  0.98975  0.00879  0.02783 -0.51376 -0.10642 -0.34862
1434400884.259  0.99585  0.00684  0.02637 -0.51560 -0.10917 -0.34771
1434400884.279  0.99463  0.00977  0.02808 -0.51651 -0.10367 -0.34679
1434400884.299  0.98926  0.00732  0.02661 -0.51376 -0.10550 -0.34954
1434400884.318  0.99536  0.01147  0.02515 -0.51560 -0.10917 -0.34954
1434400884.339  0.99536  0.00269  0.03003 -0.51193 -0.10459 -0.34954
1434400884.359  0.98901  0.01099  0.02637 -0.51651 -0.10826 -0.34954
1434400884.379  0.99023  0.00708  0.02539 -0.51835 -0.10550 -0.34954
1434400884.398  0.99390  0.00513  0.02979 -0.51560 -0.10550 -0.34771
1434400884.418  0.98950  0.01074  0.02832 -0.51651 -0.10642 -0.34862
1434400884.438  0.99341  0.00781  0.02710 -0.51651 -0.10734 -0.34862
1434400884.459  0.99316  0.00879  0.02930 -0.51651 -0.10642 -0.34954
1434400884.479  0.99463  0.01099  0.02515 -0.51560 -0.10550 -0.35046
1434400884.499  0.98828  0.00830  0.02588 -0.51284 -0.10826 -0.34954
1434400884.519  0.99414  0.00366  0.02563 -0.51651 -0.10734 -0.35138
1434400884.539  0.99658  0.01001  0.02539 -0.51376 -0.10917 -0.34954
1434400884.559  0.99536  0.00684  0.03076 -0.51560 -0.10367 -0.35229
1434400884.578  0.99146  0.00830  0.02710 -0.51468 -0.10550 -0.34862
1434400884.599  0.99243  0.00830  0.02808 -0.51284 -0.10826 -0.34771
1434400884.619  0.99731  0.01172  0.02881 -0.51651 -0.10550 -0.34862
1434400884.638  0.99316  0.00879  0.02710 -0.51560 -0.10550 -0.35138
1434400884.659  0.99219  0.00732  0.02612 -0.51376 -0.10826 -0.34771
1434400884.679  0.99072  0.00781  0.02588 -0.51193 -0.10642 -0.34862
1434400884.699  0.99536  0.00928  0.02661 -0.51468 -0.10734 -0.34862
1434400884.719  0.99414  0.00854  0.02856 -0.51468 -0.10550 -0.34862
1434400884.739  0.99365  0.00684  0.02686 -0.51376 -0.10734 -0.34862
1434400884.759  0.99512  0.00830  0.02466 -0.51376 -0.10642 -0.34862
1434400884.779  0.99194  0.00684  0.02393 -0.51468 -0.10917 -0.34862
1434400884.799  0.99292  0.01001  0.02881 -0.51560 -0.10550 -0.35046
1434400884.818  0.99487  0.00757  0.02441 -0.51468 -0.10642 -0.34954
1434400884.838  0.99561  0.00977  0.02368 -0.51376 -0.10367 -0.34954
1434400884.859  0.99463  0.00830  0.02661 -0.51468 -0.10917 -0.34954
1434400884.879  0.99194  0.01050  0.02563 -0.51468 -0.11009 -0.35046
1434400884.899  0.99438  0.00684  0.02246 -0.51376 -0.10734 -0.34771
1434400884.919  0.99463  0.00879  0.02856 -0.51284 -0.10550 -0.34954
1434400884.939  0.99585  0.01245  0.02686 -0.51468 -0.10550 -0.34862
1434400884.959  0.99683  0.00879  0.02563 -0.51284 -0.10459 -0.35138
1434400884.979  0.99170  0.01074  0.02515 -0.51468 -0.10550 -0.34862
1434400884.998  0.99268  0.00732  0.02710 -0.51376 -0.10734 -0.35229
1434400885.019  0.99072  0.00537  0.02490 -0.51468 -0.10642 -0.34771
1434400885.039  0.99487  0.00879  0.02490 -0.51651 -0.10550 -0.34954
1434400885.059  0.99243  0.00830  0.02539 -0.51468 -0.10734 -0.34954
1434400885.079  0.99048  0.00342  0.02441 -0.51193 -0.12477 -0.34862
1434400885.099  0.99194  0.00928  0.02710 -0.51376 -0.10734 -0.35138
1434400885.118  0.99170  0.00830  0.02881 -0.51651 -0.10826 -0.34862
1434400885.139  0.99072  0.01025  0.02490 -0.51560 -0.10550 -0.34862
1434400885.159  0.99414  0.00977  0.02856 -0.51376 -0.10642 -0.35138
1434400885.179  0.98730  0.01025  0.02710 -0.51560 -0.10642 -0.34862
1434400885.199  0.99268  0.00635  0.02783 -0.51284 -0.10459 -0.34771
1434400885.218  0.99365  0.00977  0.02612 -0.51193 -0.10550 -0.34954
1434400885.238  0.99609  0.00391  0.02686 -0.51560 -0.10550 -0.34679
1434400885.259  0.99463  0.00903  0.02490 -0.51651 -0.10826 -0.34679
1434400885.279  0.99365  0.00732  0.02686 -0.51376 -0.10826 -0.35046
1434400885.299  0.99341  0.00635  0.02588 -0.51376 -0.10642 -0.34954
1434400885.319  0.99585  0.00928  0.02808 -0.51468 -0.10459 -0.34771
1434400885.339  0.99292  0.00684  0.02930 -0.51468 -0.10459 -0.34679
1434400885.359  0.99292  0.00977  0.02808 -0.51284 -0.10550 -0.34954
1434400885.379  0.99072  0.00586  0.02856 -0.51560 -0.10550 -0.34679
1434400885.398  0.99170  0.00977  0.02588 -0.51468 -0.10275 -0.34771
1434400885.418  0.99634  0.00586  0.02368 -0.51468 -0.10826 -0.34862
1434400885.439  0.99316  0.00781  0.03027 -0.51376 -0.10642 -0.34954
1434400885.458  0.99194  0.00879  0.02539 -0.51376 -0.10734 -0.34862
1434400885.479  0.99268  0.00830  0.02417 -0.51284 -0.10642 -0.35229
1434400885.498  0.99536  0.00610  0.03003 -0.51284 -0.10550 -0.34679
1434400885.518  0.99390  0.00830  0.02612 -0.51560 -0.10459 -0.34862
1434400885.538  0.99756  0.00977  0.02881 -0.51743 -0.10642 -0.34954
1434400885.558  0.99487  0.00586  0.02563 -0.51376 -0.11009 -0.34862
1434400885.579  0.99609  0.00928  0.02759 -0.51376 -0.10734 -0.34771
1434400885.599  0.99243  0.00928  0.03174 -0.51468 -0.10550 -0.34679
1434400885.619  0.99121  0.01001  0.02881 -0.51468 -0.10734 -0.35046
1434400885.638  0.99414  0.00732  0.02441 -0.51468 -0.10550 -0.34862
1434400885.658  0.99023  0.00830  0.02637 -0.51376 -0.10367 -0.35138
1434400885.678  0.99512  0.00977  0.02612 -0.51376 -0.10734 -0.34862
1434400885.698  0.98657  0.01074  0.03027 -0.51468 -0.10642 -0.34862
1434400885.719  0.98877  0.01221  0.02393 -0.51376 -0.10642 -0.35229
1434400885.739  0.99341  0.00977  0.02686 -0.51651 -0.10734 -0.34862
1434400885.759  0.99341  0.01099  0.02661 -0.51560 -0.10826 -0.34771
1434400885.778  0.99731  0.00854  0.02856 -0.51743 -0.10642 -0.34679
1434400885.798  0.99341  0.00830  0.02808 -0.51651 -0.10642 -0.34862
1434400885.818  0.99512  0.00635  0.02930 -0.51284 -0.10734 -0.35046
1434400885.838  0.99438  0.00830  0.02637 -0.51284 -0.10826 -0.34771
1434400885.859  0.99194  0.01074  0.02710 -0.51651 -0.10826 -0.35138
1434400885.879  0.99634  0.00781  0.02783 -0.51468 -0.09358 -0.34954
1434400885.899  0.99023  0.00830  0.02661 -0.51468 -0.10734 -0.34954
1434400885.919  0.99170  0.01074  0.02954 -0.51284 -0.10459 -0.34954
1434400885.938  0.98901  0.00977  0.02710 -0.51560 -0.10734 -0.34862
1434400885.959  0.99219  0.01025  0.02612 -0.51560 -0.10734 -0.34771
1434400885.979  0.99634  0.00854  0.02661 -0.51560 -0.10642 -0.35138
1434400885.999  0.99121  0.00830  0.02783 -0.51376 -0.10734 -0.34771
1434400886.019  0.99194  0.00732  0.02539 -0.51560 -0.10917 -0.34954
1434400886.039  0.99438  0.00879  0.02979 -0.51376 -0.10917 -0.34954
1434400886.059  0.99512  0.00586  0.02686 -0.51560 -0.10550 -0.34954
1434400886.078  0.99487  0.01025  0.02759 -0.51193 -0.10459 -0.34679
1434400886.099  0.99561  0.01001  0.02588 -0.51927 -0.10459 -0.35046
1434400886.119  0.98828  0.00830  0.02686 -0.51284 -0.10642 -0.34954
1434400886.139  0.99585  0.01025  0.02954 -0.51284 -0.10734 -0.35138
1434400886.159  0.99487  0.01050  0.02637 -0.51560 -0.10459 -0.34771
1434400886.179  0.99194  0.00781  0.02930 -0.51651 -0.11009 -0.35138
1434400886.199  0.99658  0.00781  0.02734 -0.51284 -0.10642 -0.34771
1434400886.219  0.99170  0.00928  0.02563 -0.51193 -0.10734 -0.34679
1434400886.239  0.99072  0.00439  0.02441 -0.51376 -0.10642 -0.34954
1434400886.259  0.99072  0.01025  0.02905 -0.51651 -0.10642 -0.34862
1434400886.279  0.99194  0.01221  0.02856 -0.51284 -0.10642 -0.34862
1434400886.299  0.99219  0.00928  0.02930 -0.51468 -0.10826 -0.34862
1434400886.319  0.99341  0.01050  0.02490 -0.51376 -0.10642 -0.34954
1434400886.338  0.99170  0.00537  0.02588 -0.51284 -0.10550 -0.34771
1434400886.359  0.99438  0.00977  0.02515 -0.51468 -0.10734 -0.34771
1434400886.379  0.99463  0.00903  0.02637 -0.51101 -0.10826 -0.34954
1434400886.399  0.99341  0.00977  0.02808 -0.51468 -0.10642 -0.34954
1434400886.419  0.99121  0.00830  0.02808 -0.51376 -0.10826 -0.34954
1434400886.439  0.99561  0.00732  0.02905 -0.51651 -0.10550 -0.34771
1434400886.459  0.99341  0.00928  0.02588 -0.51284 -0.10550 -0.34862
1434400886.478  0.99585  0.00952  0.02734 -0.51284 -0.10642 -0.34862
1434400886.498  0.99536  0.01001  0.02832 -0.51560 -0.10550 -0.34862
1434400886.518  0.99341  0.00684  0.02881 -0.51560 -0.10459 -0.34771
1434400886.539  0.99683  0.00732  0.02637 -0.51468 -0.10917 -0.35138
1434400886.559  0.99292  0.00781  0.02515 -0.51376 -0.10826 -0.34862
1434400886.579  0.98828  0.00732  0.02759 -0.51560 -0.10459 -0.35046
1434400886.599  0.99365  0.01074  0.02539 -0.51376 -0.10642 -0.35046
1434400886.619  0.99561  0.00879  0.02832 -0.51743 -0.10459 -0.34954
1434400886.639  0.99512  0.00781  0.02612 -0.51468 -0.10917 -0.34954
1434400886.659  0.99365  0.01123  0.02417 -0.51101 -0.10550 -0.34862
1434400886.679  0.99438  0.00879  0.02686 -0.51560 -0.10734 -0.34862
1434400886.699  0.99219  0.01025  0.02539 -0.51651 -0.10642 -0.34862
1434400886.719  0.99219  0.00488  0.02710 -0.51101 -0.10642 -0.34862
1434400886.738  0.99390  0.00586  0.02637 -0.51560 -0.10642 -0.34862
1434400886.759  0.99609  0.00635  0.02271 -0.51743 -0.10642 -0.34954
1434400886.779  0.99487  0.01221  0.02856 -0.51376 -0.10917 -0.34771
1434400886.799  0.99243  0.00635  0.02759 -0.51468 -0.10642 -0.34954
1434400886.819  0.99390  0.00781  0.02808 -0.51560 -0.10642 -0.34771
1434400886.838  0.99731  0.00684  0.02612 -0.51284 -0.10826 -0.34679
1434400886.859  0.99268  0.00391  0.02539 -0.51468 -0.10734 -0.34862
1434400886.879  0.99194  0.00684  0.02515 -0.51560 -0.10550 -0.34679
1434400886.899  0.99414  0.00586  0.02686 -0.51376 -0.10642 -0.34954
1434400886.919  0.99390  0.00415  0.02686 -0.51468 -0.10642 -0.34954
1434400886.939  0.99878  0.00781  0.02637 -0.51468 -0.10459 -0.34862
1434400886.959  0.99390  0.01172  0.02734 -0.51193 -0.10917 -0.34954
1434400886.979  0.99683  0.01074  0.02954 -0.51376 -0.10734 -0.34954
1434400886.999  0.99365  0.00854  0.02588 -0.51376 -0.10734 -0.34679
1434400887.019  0.99536  0.00977  0.02734 -0.51284 -0.10826 -0.34954
1434400887.039  0.99780  0.01074  0.02441 -0.51376 -0.10550 -0.34954
1434400887.059  0.99463  0.00781  0.02490 -0.51468 -0.10550 -0.34862
1434400887.079  0.99292  0.00732  0.02710 -0.51376 -0.10734 -0.34771
1434400887.099  0.99512  0.00684  0.02832 -0.51560 -0.10734 -0.34679
1434400887.119  0.99365  0.01196  0.02905 -0.51651 -0.10734 -0.34862
1434400887.138  0.99341  0.00806  0.02515 -0.51651 -0.10642 -0.35046
1434400887.158  0.99170  0.00903  0.02710 -0.51743 -0.10550 -0.35138
1434400887.179  0.99341  0.00977  0.02417 -0.51376 -0.10642 -0.35138
1434400887.199  0.99146  0.00684  0.02783 -0.51376 -0.10734 -0.34862
1434400887.219  0.99390  0.00977  0.02881 -0.51376 -0.10734 -0.35046
1434400887.239  0.99463  0.00879  0.02490 -0.51284 -0.10734 -0.35046
1434400887.259  0.99536  0.00635  0.02686 -0.51560 -0.10459 -0.34954
1434400887.279  0.99316  0.00488  0.02783 -0.51193 -0.10734 -0.35321
1434400887.299  0.99585  0.00732  0.02539 -0.51560 -0.10367 -0.35321
1434400887.319  0.99097  0.00830  0.02710 -0.51376 -0.10459 -0.34771
1434400887.338  0.99072  0.01074  0.02759 -0.51651 -0.10459 -0.34679
1434400887.359  0.99390  0.01001  0.02710 -0.51468 -0.10642 -0.35229
1434400887.379  0.99414  0.00977  0.02832 -0.51376 -0.10734 -0.34862
1434400887.398  0.99292  0.00879  0.02295 -0.51468 -0.11009 -0.34771
1434400887.418  0.99707  0.00732  0.02588 -0.51468 -0.09450 -0.34954
1434400887.438  0.99487  0.00879  0.02783 -0.51284 -0.10734 -0.34862
1434400887.458  0.99512  0.00586  0.02905 -0.51560 -0.10917 -0.35046
1434400887.478  0.98975  0.01025  0.03076 -0.51284 -0.10367 -0.34954
1434400887.499  0.99536  0.00610  0.02710 -0.51651 -0.10642 -0.34954
1434400887.519  0.99365  0.00879  0.02637 -0.51376 -0.10642 -0.34862
1434400887.538  0.99438  0.00928  0.02734 -0.51468 -0.10734 -0.34862
1434400887.559  0.99512  0.00781  0.02490 -0.51284 -0.10367 -0.34954
1434400887.579  0.99316  0.01001  0.02856 -0.51468 -0.11009 -0.34771
1434400887.599  0.99072  0.00684  0.02710 -0.51651 -0.10734 -0.34771
1434400887.619  0.99121  0.00830  0.02344 -0.51560 -0.10642 -0.34587
1434400887.639  0.99268  0.00732  0.02905 -0.51376 -0.10917 -0.34954
1434400887.659  0.99023  0.00684  0.02612 -0.51376 -0.10826 -0.35138
1434400887.679  0.99463  0.00952  0.02979 -0.51468 -0.10550 -0.34862
1434400887.699  0.99561  0.00488  0.02368 -0.51468 -0.10917 -0.34862
1434400887.719  0.99414  0.01123  0.03027 -0.51376 -0.10734 -0.34862
1434400887.738  0.99146  0.00830  0.02661 -0.51468 -0.10734 -0.35138
1434400887.759  0.99780  0.00879  0.02710 -0.51284 -0.10459 -0.34862
1434400887.779  0.99243  0.00537  0.02490 -0.51560 -0.10550 -0.34862
1434400887.799  0.99121  0.00732  0.02930 -0.51376 -0.10826 -0.34954
1434400887.818  0.99146  0.00635  0.02856 -0.51468 -0.10459 -0.34862
1434400887.838  0.98950  0.00830  0.02686 -0.51468 -0.10826 -0.35046
1434400887.859  0.99219  0.00830  0.02734 -0.51468 -0.10917 -0.34862
1434400887.879  0.99316  0.00732  0.02710 -0.51560 -0.10642 -0.35046
1434400887.899  0.99561  0.01099  0.02490 -0.51743 -0.10734 -0.34954
1434400887.919  0.99121  0.00659  0.02588 -0.51560 -0.10826 -0.35046
1434400887.939  0.99341  0.01025  0.02783 -0.51560 -0.10550 -0.34771
1434400887.958  0.99194  0.00952  0.02930 -0.51284 -0.10917 -0.35046
1434400887.979  0.99365  0.00830  0.02856 -0.51284 -0.10734 -0.34862
1434400887.999  0.99023  0.00830  0.02588 -0.51560 -0.10642 -0.34862
1434400888.019  0.99341  0.00366  0.02710 -0.51651 -0.10642 -0.34954
1434400888.039  0.99292  0.00830  0.02319 -0.51560 -0.10642 -0.34954
1434400888.059  0.99194  0.00977  0.02759 -0.51376 -0.10734 -0.34954
1434400888.079  0.99341  0.00977  0.02686 -0.51376 -0.10550 -0.34771
1434400888.099  0.99536  0.00977  0.02808 -0.51376 -0.10550 -0.35046
1434400888.119  0.99585  0.00781  0.02637 -0.52294 -0.10642 -0.34862
1434400888.139  0.99146  0.00708  0.02686 -0.51376 -0.10734 -0.34862
1434400888.159  0.99243  0.00586  0.02661 -0.51651 -0.10734 -0.34771
1434400888.179  0.99316  0.00171  0.02734 -0.51468 -0.10550 -0.34771
1434400888.198  0.99463  0.01196  0.02686 -0.51376 -0.10550 -0.34862
1434400888.219  0.99121  0.00586  0.02466 -0.51284 -0.10550 -0.34954
1434400888.238  1.00000  0.00879  0.03003 -0.51468 -0.10275 -0.34954
1434400888.258  0.99268  0.01025  0.02930 -0.51376 -0.10550 -0.35046
1434400888.279  0.99438  0.00488  0.02612 -0.51651 -0.10642 -0.34862
1434400888.299  0.99268  0.00903  0.02881 -0.51651 -0.10459 -0.35046
1434400888.319  0.99365  0.00781  0.02734 -0.51284 -0.10275 -0.35229
1434400888.339  0.99121  0.00879  0.02930 -0.51376 -0.10826 -0.35138
1434400888.359  0.99292  0.01147  0.02808 -0.51743 -0.10642 -0.34862
1434400888.378  0.99170  0.01074  0.02759 -0.51468 -0.10642 -0.35138
1434400888.398  0.99634  0.00781  0.02930 -0.51468 -0.10459 -0.34862
1434400888.419  0.99438  0.00732  0.02759 -0.51101 -0.10826 -0.35046
1434400888.439  0.99341  0.01025  0.02417 -0.51284 -0.10734 -0.35046
1434400888.459  0.99536  0.00732  0.02759 -0.51193 -0.10642 -0.35046
1434400888.479  0.98926  0.00586  0.02539 -0.51468 -0.10459 -0.34862
1434400888.499  0.99487  0.00977  0.02368 -0.51468 -0.10642 -0.34862
1434400888.519  0.99390  0.00806  0.02808 -0.51376 -0.10734 -0.34954
1434400888.539  0.99268  0.00537  0.02710 -0.51376 -0.10734 -0.35138
1434400888.559  0.99292  0.01294  0.02637 -0.51101 -0.10459 -0.34862
1434400888.579  0.99414  0.00610  0.02808 -0.51651 -0.10917 -0.34587
1434400888.599  0.99072  0.00684  0.02661 -0.51468 -0.10826 -0.34954
1434400888.619  0.99512  0.00635  0.02588 -0.51376 -0.10550 -0.34862
1434400888.639  0.99390  0.00635  0.02417 -0.51468 -0.10642 -0.34862
1434400888.659  0.99170  0.00830  0.02979 -0.51468 -0.10917 -0.34954
1434400888.679  0.99292  0.00684  0.02661 -0.51468 -0.10642 -0.34954
1434400888.699  0.99390  0.01392  0.02710 -0.51376 -0.10734 -0.34954
1434400888.719  0.99121  0.00439  0.02686 -0.51560 -0.10642 -0.34771
1434400888.739  0.99658  0.00635  0.02637 -0.51284 -0.10367 -0.34862
1434400888.759  0.99268  0.00928  0.02441 -0.51468 -0.10734 -0.35046
1434400888.779  0.99854  0.01123  0.02686 -0.51468 -0.10917 -0.34862
1434400888.799  0.99585  0.00391  0.02783 -0.51376 -0.10550 -0.34954
1434400888.819  0.99170  0.00391  0.02979 -0.51651 -0.10917 -0.34954
1434400888.838  0.99316  0.01074  0.02319 -0.51468 -0.10642 -0.34771
1434400888.859  0.99146  0.01025  0.02661 -0.51193 -0.10642 -0.34862
1434400888.879  0.99170  0.00684  0.02808 -0.51560 -0.10734 -0.34587
1434400888.899  0.99536  0.00635  0.02588 -0.51376 -0.10734 -0.34862
1434400888.919  0.99292  0.01172  0.02686 -0.51651 -0.10550 -0.34862
1434400888.939  0.99512  0.00977  0.02563 -0.51101 -0.10642 -0.35046
1434400888.959  0.99463  0.00879  0.02539 -0.51651 -0.10826 -0.34954
1434400888.979  0.99268  0.00781  0.02710 -0.51560 -0.10550 -0.34954
1434400888.999  0.98975  0.00879  0.02441 -0.51376 -0.10642 -0.35046
1434400889.019  0.99609  0.00781  0.02710 -0.51284 -0.10550 -0.34954
1434400889.039  0.99487  0.00635  0.02808 -0.51376 -0.10826 -0.34954
1434400889.059  0.99243  0.00977  0.02539 -0.51560 -0.10459 -0.34862
1434400889.079  0.99536  0.00830  0.02979 -0.51376 -0.10642 -0.34771
1434400889.099  0.99390  0.00830  0.02808 -0.51101 -0.10550 -0.34679
1434400889.119  0.99390  0.01294  0.02759 -0.51468 -0.10734 -0.35046
1434400889.139  0.99048  0.00928  0.03076 -0.51468 -0.10734 -0.34954
1434400889.159  0.99072  0.00781  0.02856 -0.51468 -0.10642 -0.34862
1434400889.179  0.99780  0.01050  0.02832 -0.51376 -0.10550 -0.35046
1434400889.199  0.99585  0.01074  0.02393 -0.51651 -0.10275 -0.35046
1434400889.219  0.99463  0.00903  0.02661 -0.51651 -0.10917 -0.34954
1434400889.238  0.99634  0.00879  0.02441 -0.51468 -0.10550 -0.34862
1434400889.258  0.99414  0.00854  0.02612 -0.51468 -0.10550 -0.35138
1434400889.279  0.99219  0.00830  0.02979 -0.51284 -0.10917 -0.34679
1434400889.299  0.99146  0.00684  0.02490 -0.51284 -0.10642 -0.34954
1434400889.319  0.99072  0.00830  0.02881 -0.51560 -0.10642 -0.34862
1434400889.339  0.99512  0.00854  0.02710 -0.51468 -0.10734 -0.34862
1434400889.358  0.98901  0.01025  0.02661 -0.51835 -0.10275 -0.34862
1434400889.379  0.99512  0.01074  0.02905 -0.51468 -0.10826 -0.34862
1434400889.398  0.99316  0.00830  0.02588 -0.51468 -0.10642 -0.34862
1434400889.419  0.99585  0.00952  0.02637 -0.51560 -0.10550 -0.34862
1434400889.438  0.99463  0.00952  0.03027 -0.51101 -0.10826 -0.34954
1434400889.458  0.99365  0.01025  0.02808 -0.51560 -0.10917 -0.34771
1434400889.478  0.99243  0.00684  0.02588 -0.51560 -0.11009 -0.34954
1434400889.498  0.99170  0.00635  0.02124 -0.51468 -0.10642 -0.35046
1434400889.518  0.99219  0.00635  0.03076 -0.51376 -0.10367 -0.35046
1434400889.538  0.99536  0.00732  0.02612 -0.51468 -0.10734 -0.34771
1434400889.559  0.99219  0.00635  0.02881 -0.51193 -0.10734 -0.34862
1434400889.579  0.99414  0.00635  0.02832 -0.51376 -0.10734 -0.34862
1434400889.598  0.99414  0.01001  0.02686 -0.51376 -0.10642 -0.34679
1434400889.618  0.99365  0.00854  0.02759 -0.51284 -0.10459 -0.34954
1434400889.638  0.99316  0.00781  0.02881 -0.51284 -0.10642 -0.34771
1434400889.658  0.99658  0.00684  0.02637 -0.51376 -0.10826 -0.34862
1434400889.679  0.99219  0.01025  0.02661 -0.51651 -0.10917 -0.34954
1434400889.699  0.99146  0.01099  0.02490 -0.51284 -0.10826 -0.35046
1434400889.719  0.99243  0.00586  0.02734 -0.51560 -0.10734 -0.34862
1434400889.738  0.99316  0.01025  0.02881 -0.51743 -0.10459 -0.34862
1434400889.758  0.99512  0.00977  0.02637 -0.51560 -0.10459 -0.34954
1434400889.778  0.99072  0.00928  0.02539 -0.51468 -0.10734 -0.34954
1434400889.798  0.98975  0.00464  0.02490 -0.51193 -0.10642 -0.34862
1434400889.819  0.99683  0.00928  0.02808 -0.51651 -0.10734 -0.34954
1434400889.838  0.99243  0.00928  0.02710 -0.51468 -0.10734 -0.34862
1434400889.859  0.99194  0.00732  0.02979 -0.51468 -0.10826 -0.35046
1434400889.878  0.99390  0.01074  0.02588 -0.51743 -0.10734 -0.34862
1434400889.898  0.99487  0.00293  0.02490 -0.51468 -0.10734 -0.35138
1434400889.918  0.99219  0.00830  0.02417 -0.51560 -0.10917 -0.34862
1434400889.938  0.99512  0.01196  0.02588 -0.51376 -0.10459 -0.34771
1434400889.959  0.99438  0.00903  0.02856 -0.51468 -0.10550 -0.35138
1434400889.979  0.99341  0.00781  0.02832 -0.51468 -0.10734 -0.34862
1434400889.999  0.99121  0.01392  0.02515 -0.51560 -0.10459 -0.35046
1434400890.018  0.99097  0.01001  0.02808 -0.51376 -0.10734 -0.34862
1434400890.038  0.99243  0.00781  0.02783 -0.51468 -0.10550 -0.34862
1434400890.058  0.99170  0.00879  0.02588 -0.51468 -0.10367 -0.34862
1434400890.078  0.99194  0.00684  0.02661 -0.51560 -0.10550 -0.35046
1434400890.098  0.99341  0.00391  0.02441 -0.51284 -0.10642 -0.34862
1434400890.119  0.99292  0.00781  0.02441 -0.51651 -0.10367 -0.34862
1434400890.139  0.99219  0.00830  0.02661 -0.51468 -0.10550 -0.34862
1434400890.158  0.99316  0.00586  0.02563 -0.51376 -0.10734 -0.35138
1434400890.178  0.99243  0.00635  0.02856 -0.51284 -0.10642 -0.35046
1434400890.198  0.99023  0.00781  0.02979 -0.51284 -0.10459 -0.34862
1434400890.218  0.99585  0.00684  0.02686 -0.51284 -0.10734 -0.34862
1434400890.238  0.99268  0.00781  0.02393 -0.51560 -0.10459 -0.34954
1434400890.259  0.99438  0.01025  0.02710 -0.51376 -0.10826 -0.34862
1434400890.279  0.99609  0.00635  0.02905 -0.51284 -0.10917 -0.34771
1434400890.298  0.99414  0.00879  0.02881 -0.51376 -0.10459 -0.35046
1434400890.318  0.99585  0.00537  0.02930 -0.51560 -0.10734 -0.35046
1434400890.338  0.99268  0.00879  0.02588 -0.51560 -0.10367 -0.35046
1434400890.358  0.99365  0.01245  0.02393 -0.51560 -0.10550 -0.34679
1434400890.379  0.99268  0.01074  0.02295 -0.51560 -0.10734 -0.34771
1434400890.399  0.99854  0.00684  0.02637 -0.51376 -0.10917 -0.35138
1434400890.419  0.99829  0.00879  0.02930 -0.51284 -0.10459 -0.34862
1434400890.438  0.99243  0.00586  0.02441 -0.51651 -0.10367 -0.34954
1434400890.458  0.99512  0.01196  0.02881 -0.51193 -0.10459 -0.34862
1434400890.478  0.99390  0.00977  0.02515 -0.51560 -0.10642 -0.34954
1434400890.498  0.99121  0.01025  0.02466 -0.51560 -0.10642 -0.34862
1434400890.518  0.99585  0.01050  0.02344 -0.51284 -0.10826 -0.34862
1434400890.539  0.99536  0.01245  0.02661 -0.51468 -0.10734 -0.35046
1434400890.559  0.99268  0.00610  0.02808 -0.51468 -0.10734 -0.35138
1434400890.578  0.99121  0.00928  0.02637 -0.51468 -0.10642 -0.34679
1434400890.598  0.99170  0.00781  0.02686 -0.51468 -0.10642 -0.35046
1434400890.618  0.99536  0.00952  0.02661 -0.51468 -0.10459 -0.34771
1434400890.638  0.99512  0.00537  0.02612 -0.51376 -0.10367 -0.35046
1434400890.659  0.99023  0.00830  0.02783 -0.51376 -0.10826 -0.35046
1434400890.679  0.99365  0.00415  0.02710 -0.51468 -0.10367 -0.34679
1434400890.699  0.99438  0.01050  0.02661 -0.51376 -0.10459 -0.35046
1434400890.718  0.99072  0.00879  0.02783 -0.51101 -0.10642 -0.34862
1434400890.738  0.99780  0.00830  0.02710 -0.51376 -0.10826 -0.35046
1434400890.758  0.99292  0.00928  0.02759 -0.51468 -0.10642 -0.34862
1434400890.778  0.99292  0.00879  0.02637 -0.51651 -0.10642 -0.34862
1434400890.798  0.99512  0.01050  0.02808 -0.51376 -0.10642 -0.34771
1434400890.819  0.99121  0.00830  0.02563 -0.51284 -0.10642 -0.35046
1434400890.839  0.99438  0.00684  0.02588 -0.51284 -0.10642 -0.34862
1434400890.858  0.99341  0.00635  0.03125 -0.51468 -0.10826 -0.34954
1434400890.878  0.99170  0.01099  0.02588 -0.51284 -0.10550 -0.35138
1434400890.898  0.99316  0.00977  0.02539 -0.51651 -0.10642 -0.34862
1434400890.918  0.99341  0.01001  0.02930 -0.51376 -0.10550 -0.34587
1434400890.939  0.99585  0.00830  0.02979 -0.51284 -0.10550 -0.35138
1434400890.959  0.99219  0.00781  0.02808 -0.51376 -0.10734 -0.35505
1434400890.979  0.99487  0.00317  0.03076 -0.51468 -0.10826 -0.34771
1434400890.998  0.98779  0.01099  0.02393 -0.51560 -0.10917 -0.34679
1434400891.018  0.99292  0.00684  0.02783 -0.51560 -0.10642 -0.35046
1434400891.038  0.99194  0.00732  0.02686 -0.51468 -0.10550 -0.34771
1434400891.058  0.99365  0.01123  0.02832 -0.51468 -0.10367 -0.34862
1434400891.079  0.99365  0.00537  0.02954 -0.51468 -0.10642 -0.35046
1434400891.099  0.99390  0.00928  0.02856 -0.51468 -0.10917 -0.34862
1434400891.119  0.99170  0.00732  0.02734 -0.51560 -0.10642 -0.34954
1434400891.138  0.99390  0.00562  0.02759 -0.51560 -0.09725 -0.35046
1434400891.158  0.99268  0.00732  0.02808 -0.51376 -0.10826 -0.34954
1434400891.178  0.99365  0.00977  0.02856 -0.51560 -0.10642 -0.35046
1434400891.198  0.99316  0.00781  0.02441 -0.51376 -0.10826 -0.34862
1434400891.219  0.99194  0.01074  0.02930 -0.51376 -0.10642 -0.34587
1434400891.238  0.99365  0.00635  0.02637 -0.51193 -0.10734 -0.35229
1434400891.259  0.99390  0.01001  0.02588 -0.51468 -0.10642 -0.34954
1434400891.278  0.99634  0.01294  0.02490 -0.51560 -0.10642 -0.34954
1434400891.298  0.99097  0.01099  0.02539 -0.51560 -0.10734 -0.34954
1434400891.318  0.99487  0.01025  0.03027 -0.51560 -0.10917 -0.35138
1434400891.338  0.99365  0.00879  0.02710 -0.51468 -0.10550 -0.34954
1434400891.359  0.99658  0.00684  0.02417 -0.51376 -0.10642 -0.34771
1434400891.378  0.99365  0.00879  0.02686 -0.51651 -0.10642 -0.34862
1434400891.398  0.98877  0.01025  0.02954 -0.51376 -0.10550 -0.34862
1434400891.418  0.99414  0.00781  0.02808 -0.51101 -0.10275 -0.35138
1434400891.438  0.99341  0.01074  0.02881 -0.51743 -0.10550 -0.35229
1434400891.458  0.99976  0.00684  0.02734 -0.51560 -0.10826 -0.35229
1434400891.478  0.99243  0.00488  0.02441 -0.51284 -0.10826 -0.34954
1434400891.499  0.99609  0.00928  0.02686 -0.51284 -0.11009 -0.34862
1434400891.519  0.99219  0.00781  0.02759 -0.51376 -0.10459 -0.34587
1434400891.538  0.99316  0.00952  0.03223 -0.51376 -0.10550 -0.35138
1434400891.558  0.99194  0.00879  0.02759 -0.51560 -0.10734 -0.35138
1434400891.578  0.99487  0.00684  0.02954 -0.51651 -0.10826 -0.34954
1434400891.598  0.99561  0.00830  0.02588 -0.51468 -0.10917 -0.34771
1434400891.618  0.99463  0.00732  0.02832 -0.51376 -0.10826 -0.35046
1434400891.638  0.98999  0.01001  0.02734 -0.51376 -0.10642 -0.34954
1434400891.659  0.98975  0.00830  0.02832 -0.51651 -0.10550 -0.35046
1434400891.678  0.99438  0.00928  0.02637 -0.51193 -0.10734 -0.34954
1434400891.698  0.99658  0.00928  0.02686 -0.51468 -0.10734 -0.34862
1434400891.718  0.99292  0.00488  0.02954 -0.51376 -0.10642 -0.34862
1434400891.738  0.99487  0.00732  0.02637 -0.51468 -0.10550 -0.34862
1434400891.758  0.99268  0.00903  0.02588 -0.51376 -0.10367 -0.35046
1434400891.779  0.98950  0.00928  0.02588 -0.51376 -0.10734 -0.34954
1434400891.799  0.99683  0.00635  0.02930 -0.51560 -0.10550 -0.34862
1434400891.819  0.99023  0.00439  0.02393 -0.51376 -0.10917 -0.34954
1434400891.838  0.99414  0.00879  0.02637 -0.51651 -0.10367 -0.34954
1434400891.858  0.99268  0.00928  0.02612 -0.51560 -0.10642 -0.34862
1434400891.878  0.99390  0.00439  0.02759 -0.51468 -0.10459 -0.34862
1434400891.898  0.99731  0.00854  0.02710 -0.51284 -0.10550 -0.34954
1434400891.919  0.99438  0.00586  0.02832 -0.51468 -0.10734 -0.34862
1434400891.938  0.99023  0.01074  0.02515 -0.51468 -0.10734 -0.35046
1434400891.958  0.99170  0.00806  0.02808 -0.51376 -0.10642 -0.34679
1434400891.978  0.99341  0.00781  0.02759 -0.51284 -0.10642 -0.34862
1434400891.998  0.99390  0.00928  0.02539 -0.51743 -0.10826 -0.35046
1434400892.018  0.99219  0.01074  0.02637 -0.51835 -0.10734 -0.35138
1434400892.038  0.99854  0.01050  0.02856 -0.51376 -0.10917 -0.34862
1434400892.059  0.99121  0.01001  0.03027 -0.51743 -0.10367 -0.34862
1434400892.079  0.99609  0.00684  0.02783 -0.51468 -0.10826 -0.35138
1434400892.098  0.99561  0.01099  0.02808 -0.51284 -0.10550 -0.35138
1434400892.118  0.99048  0.01025  0.02539 -0.51560 -0.10459 -0.34679
1434400892.138  0.99316  0.01172  0.02563 -0.51376 -0.10917 -0.34862
1434400892.158  0.99268  0.01074  0.02515 -0.51468 -0.10642 -0.34771
1434400892.179  0.99512  0.00488  0.02417 -0.51376 -0.10367 -0.35138
1434400892.199  0.99585  0.01074  0.02710 -0.51468 -0.10826 -0.34954
1434400892.219  0.99463  0.00977  0.02710 -0.51468 -0.10734 -0.34954
1434400892.238  0.99341  0.00684  0.02686 -0.51376 -0.10734 -0.35138
1434400892.258  0.99170  0.00903  0.02710 -0.51101 -0.10642 -0.35046
1434400892.278  0.99194  0.00488  0.02930 -0.51284 -0.10734 -0.34679
1434400892.298  0.99268  0.00781  0.02979 -0.51560 -0.10367 -0.34954
1434400892.319  0.99341  0.00684  0.02710 -0.51651 -0.10917 -0.35046
1434400892.339  0.99243  0.01074  0.02588 -0.51284 -0.10642 -0.34862
1434400892.359  0.99316  0.00757  0.02930 -0.51376 -0.10642 -0.35046
1434400892.379  0.99585  0.00708  0.02539 -0.51376 -0.10459 -0.34679
1434400892.398  0.99414  0.00928  0.02637 -0.51651 -0.10642 -0.34954
1434400892.418  0.98975  0.00586  0.02930 -0.51468 -0.10642 -0.34954
1434400892.438  0.99170  0.00830  0.02710 -0.51193 -0.10550 -0.34954
1434400892.458  0.99536  0.00635  0.02661 -0.51560 -0.10642 -0.34771
1434400892.479  0.99219  0.01123  0.02661 -0.51651 -0.10734 -0.35046
1434400892.498  0.99414  0.00903  0.02686 -0.51468 -0.10459 -0.34587
1434400892.518  0.99316  0.00610  0.02930 -0.51468 -0.10550 -0.34954
1434400892.538  0.99707  0.00879  0.02808 -0.51560 -0.10459 -0.34954
1434400892.558  0.99365  0.00684  0.02588 -0.51651 -0.10459 -0.34679
1434400892.578  0.99268  0.00928  0.02930 -0.51468 -0.10642 -0.34771
1434400892.598  0.99170  0.00977  0.02661 -0.51651 -0.10642 -0.34954
1434400892.619  0.99268  0.00977  0.02856 -0.51101 -0.10642 -0.34587
1434400892.639  0.99390  0.01050  0.02905 -0.51651 -0.10550 -0.34862
1434400892.659  0.99561  0.00854  0.02612 -0.51376 -0.10734 -0.34862
1434400892.678  0.99219  0.00830  0.02344 -0.51284 -0.10826 -0.34771
1434400892.698  0.99438  0.00732  0.02759 -0.51284 -0.10642 -0.35138
1434400892.718  0.99390  0.00781  0.02515 -0.51376 -0.10550 -0.35138
1434400892.738  0.99341  0.00879  0.02441 -0.51560 -0.10826 -0.34862
1434400892.758  0.99365  0.00879  0.02954 -0.51376 -0.10642 -0.34954
1434400892.779  0.99561  0.01172  0.02588 -0.51193 -0.10734 -0.34954
1434400892.799  0.99121  0.00488  0.02759 -0.51560 -0.10826 -0.34862
1434400892.818  0.99194  0.00879  0.02393 -0.51468 -0.10459 -0.34954
1434400892.838  0.99658  0.00684  0.02612 -0.51560 -0.10459 -0.34954
1434400892.858  0.99512  0.00781  0.02661 -0.51468 -0.10734 -0.34954
1434400892.878  0.99414  0.00879  0.02490 -0.51284 -0.10826 -0.34771
1434400892.898  0.99219  0.00684  0.02490 -0.51284 -0.10367 -0.35046
1434400892.919  0.98901  0.00928  0.02783 -0.51284 -0.10734 -0.34679
1434400892.938  0.99487  0.00732  0.02759 -0.51376 -0.10459 -0.34954
1434400892.958  0.99414  0.01147  0.02393 -0.51376 -0.10734 -0.34862
1434400892.978  0.99390  0.00977  0.02979 -0.51560 -0.10550 -0.35138
1434400892.998  0.99512  0.01147  0.02783 -0.51560 -0.10550 -0.34862
1434400893.018  0.99292  0.01416  0.02637 -0.51468 -0.10459 -0.34954
1434400893.038  0.99390  0.00977  0.02832 -0.51651 -0.10367 -0.34862
1434400893.059  0.99316  0.00781  0.02930 -0.51284 -0.10459 -0.34954
1434400893.078  0.99316  0.00928  0.02856 -0.51376 -0.10917 -0.34954
1434400893.099  0.99585  0.00879  0.02832 -0.51651 -0.11009 -0.34954
1434400893.118  0.99341  0.00635  0.02417 -0.51284 -0.10826 -0.34862
1434400893.138  0.99316  0.00586  0.02881 -0.51193 -0.10550 -0.34954
1434400893.158  0.99561  0.01074  0.02588 -0.51376 -0.10826 -0.34862
1434400893.178  0.99658  0.00757  0.02832 -0.51560 -0.10734 -0.34771
1434400893.199  0.99414  0.00635  0.02344 -0.51468 -0.10459 -0.34587
1434400893.218  0.99683  0.00977  0.02930 -0.51743 -0.11009 -0.34495
1434400893.239  0.99121  0.00781  0.02856 -0.51560 -0.10550 -0.35046
1434400893.258  0.99146  0.00342  0.02881 -0.51376 -0.10367 -0.34954
1434400893.278  0.99438  0.00732  0.02759 -0.51560 -0.10642 -0.35046
1434400893.298  0.99365  0.01147  0.02637 -0.51284 -0.10826 -0.34862
1434400893.318  0.99268  0.01001  0.02832 -0.51376 -0.10734 -0.34862
1434400893.338  0.99512  0.00732  0.02563 -0.51560 -0.10367 -0.34862
1434400893.359  0.99414  0.00928  0.02710 -0.51284 -0.10917 -0.34862
1434400893.379  0.99316  0.00830  0.02905 -0.51560 -0.10459 -0.34679
1434400893.398  0.99194  0.01196  0.02954 -0.51468 -0.10642 -0.34862
1434400893.418  0.99463  0.00830  0.02393 -0.51284 -0.10642 -0.34862
1434400893.438  0.99390  0.00928  0.02539 -0.51651 -0.11009 -0.34862
1434400893.458  0.99341  0.00684  0.02710 -0.51284 -0.10550 -0.34771
1434400893.479  0.99219  0.00854  0.02515 -0.51376 -0.10734 -0.34954
1434400893.499  0.99121  0.01172  0.02710 -0.51468 -0.10826 -0.35046
1434400893.519  0.99536  0.00635  0.02393 -0.51376 -0.10550 -0.35138
1434400893.538  0.99414  0.00781  0.02856 -0.51376 -0.10642 -0.34954
1434400893.558  0.99170  0.00635  0.02808 -0.51284 -0.10367 -0.35046
1434400893.578  0.99194  0.00781  0.02686 -0.51468 -0.10642 -0.34862
1434400893.598  0.99292  0.00928  0.02637 -0.51284 -0.10642 -0.34771
1434400893.618  0.99438  0.01123  0.02808 -0.51376 -0.10734 -0.34954
1434400893.639  0.99390  0.00732  0.02637 -0.51376 -0.10642 -0.34862
1434400893.658  0.99316  0.00635  0.02759 -0.51468 -0.10459 -0.34954
1434400893.678  0.99487  0.00806  0.02881 -0.51468 -0.10367 -0.34862
1434400893.698  0.99438  0.01196  0.02832 -0.51376 -0.10734 -0.34771
1434400893.718  0.98975  0.01099  0.02686 -0.51284 -0.10642 -0.34862
1434400893.738  0.99927  0.00879  0.03076 -0.51284 -0.10734 -0.34679
1434400893.758  0.99512  0.00610  0.02710 -0.51376 -0.10917 -0.35046
1434400893.779  0.99585  0.01099  0.02515 -0.51743 -0.10917 -0.34862
1434400893.799  0.98926  0.00562  0.03003 -0.51468 -0.10642 -0.34954
1434400893.819  0.99512  0.00708  0.02661 -0.51009 -0.10826 -0.34679
1434400893.838  0.99585  0.00488  0.02808 -0.51560 -0.10917 -0.34862
1434400893.858  0.99268  0.01001  0.02979 -0.51376 -0.10642 -0.34862
1434400893.878  0.99756  0.00928  0.02515 -0.51651 -0.10642 -0.34954
1434400893.898  0.99683  0.01147  0.02637 -0.51468 -0.10459 -0.34862
1434400893.918  0.99658  0.00635  0.02710 -0.51376 -0.10734 -0.35046
1434400893.938  0.99658  0.00781  0.03052 -0.51376 -0.10917 -0.34862
1434400893.959  0.99414  0.00830  0.03003 -0.51376 -0.10734 -0.34771
1434400893.978  0.99219  0.00952  0.03027 -0.51284 -0.10275 -0.34862
1434400893.999  0.99438  0.00830  0.02490 -0.51376 -0.10734 -0.34679
1434400894.018  0.99072  0.00635  0.02612 -0.51468 -0.10734 -0.34495
1434400894.038  0.99561  0.00806  0.02515 -0.51376 -0.10550 -0.34954
1434400894.058  0.99194  0.00830  0.02368 -0.51284 -0.10550 -0.34954
1434400894.078  0.99341  0.01270  0.02637 -0.51468 -0.10459 -0.34862
1434400894.098  0.99438  0.00879  0.02588 -0.51284 -0.10367 -0.35046
1434400894.119  0.99146  0.00879  0.02979 -0.51560 -0.10642 -0.35046
1434400894.139  0.98730  0.00513  0.02881 -0.51651 -0.10734 -0.35046
1434400894.158  0.99341  0.00903  0.02881 -0.51376 -0.10550 -0.34862
1434400894.178  0.99268  0.00757  0.02979 -0.51468 -0.10734 -0.34862
1434400894.198  0.99780  0.00732  0.02686 -0.51376 -0.10734 -0.34862
1434400894.218  0.98950  0.00684  0.02661 -0.51560 -0.10734 -0.34862
1434400894.239  0.99243  0.01001  0.02368 -0.51468 -0.10550 -0.34862
1434400894.259  0.99463  0.01123  0.02539 -0.51651 -0.10550 -0.34862
1434400894.279  0.99268  0.00830  0.02661 -0.51468 -0.10734 -0.34954
1434400894.298  0.99585  0.01025  0.02686 -0.51468 -0.10459 -0.34679
1434400894.318  0.98975  0.00781  0.02759 -0.51560 -0.10642 -0.34954
1434400894.338  0.92188 -0.00879  0.12939 -0.51743 -0.10642 -0.34954
1434400894.358  0.99048  0.00928  0.02661 -0.51193 -0.10550 -0.35046
1434400894.378  0.99438  0.00586  0.03174 -0.51193 -0.10550 -0.34954
1434400894.399  0.99316  0.00781  0.02808 -0.51376 -0.10642 -0.34954
1434400894.419  0.99170  0.01147  0.02759 -0.51101 -0.11009 -0.34954
1434400894.439  0.99487  0.01001  0.02588 -0.51560 -0.10642 -0.34679
1434400894.458  0.99536  0.00732  0.02759 -0.51284 -0.10734 -0.34862
1434400894.478  0.99585  0.00684  0.02783 -0.51101 -0.10459 -0.35138
1434400894.498  0.99683  0.00781  0.02686 -0.51284 -0.10642 -0.34954
1434400894.518  0.99414  0.00586  0.02808 -0.51468 -0.10734 -0.35138
1434400894.538  0.99268  0.00903  0.02734 -0.51468 -0.10459 -0.35046
1434400894.559  0.99390  0.00635  0.02808 -0.51193 -0.10459 -0.35138
1434400894.579  0.99292  0.00928  0.02515 -0.51376 -0.10734 -0.34771
1434400894.599  0.99219  0.00732  0.02759 -0.51101 -0.10550 -0.34954
1434400894.618  0.99292  0.01123  0.02808 -0.51468 -0.10642 -0.34954
1434400894.638  0.99194  0.00488  0.02832 -0.51284 -0.10826 -0.35138
1434400894.658  0.99023  0.01074  0.02905 -0.51376 -0.10642 -0.34954
1434400894.678  0.99365  0.00879  0.03003 -0.51468 -0.10550 -0.34862
1434400894.699  0.99536  0.00488  0.02588 -0.51193 -0.10550 -0.34954
1434400894.718  0.99170  0.00586  0.02979 -0.51376 -0.10642 -0.35138
1434400894.738  0.99585  0.00439  0.02783 -0.51193 -0.10459 -0.35138
1434400894.758  0.99292  0.00952  0.02832 -0.51468 -0.10642 -0.34954
1434400894.778  0.99316  0.00732  0.02979 -0.51468 -0.10826 -0.34954
1434400894.798  0.99121  0.00879  0.02979 -0.51376 -0.10826 -0.34862
1434400894.818  0.99585  0.00977  0.02979 -0.51468 -0.10459 -0.35046
1434400894.839  0.99365  0.00586  0.02686 -0.51651 -0.10550 -0.34679
1434400894.859  0.99487  0.00830  0.02710 -0.51560 -0.10642 -0.34954
1434400894.879  0.98975  0.01050  0.02710 -0.51376 -0.10734 -0.35046
1434400894.898  0.99390  0.00879  0.02881 -0.51193 -0.10734 -0.34771
1434400894.918  0.99512  0.01099  0.02954 -0.51468 -0.10459 -0.34954
1434400894.938  0.99341  0.00879  0.02515 -0.51284 -0.10550 -0.34954
1434400894.958  0.99121  0.01147  0.02710 -0.51376 -0.10734 -0.34862
1434400894.979  0.99463  0.00928  0.02661 -0.51193 -0.10826 -0.34954
1434400894.998  0.99072  0.00586  0.02783 -0.51284 -0.10459 -0.34862
1434400895.019  0.99219  0.01074  0.02686 -0.51468 -0.10367 -0.34862
1434400895.038  0.99390  0.00879  0.02832 -0.51468 -0.10734 -0.35138
1434400895.058  0.99536  0.00781  0.02979 -0.51284 -0.10642 -0.35138
1434400895.078  0.99463  0.01001  0.02686 -0.51376 -0.10642 -0.34862
1434400895.098  0.99561  0.00977  0.02661 -0.51193 -0.10734 -0.34862
1434400895.119  0.99438  0.01147  0.02710 -0.51284 -0.10550 -0.34771
1434400895.139  0.99243  0.00952  0.02881 -0.51284 -0.10917 -0.34954
1434400895.159  0.99170  0.00415  0.02979 -0.51468 -0.10734 -0.34954
1434400895.178  0.99463  0.00513  0.02759 -0.51468 -0.10826 -0.34771
1434400895.198  0.99390  0.00635  0.02930 -0.51193 -0.10459 -0.34954
1434400895.218  0.99512  0.00952  0.02710 -0.51560 -0.10459 -0.34771
1434400895.238  0.99316  0.00928  0.03223 -0.51376 -0.10642 -0.34862
1434400895.258  0.99219  0.00830  0.02490 -0.51101 -0.10550 -0.35046
1434400895.279  0.99121  0.01025  0.02759 -0.51651 -0.10459 -0.34954
1434400895.298  0.99121  0.00830  0.03027 -0.51651 -0.10642 -0.34954
1434400895.319  0.99292  0.00732  0.02466 -0.51101 -0.10642 -0.34771
1434400895.338  0.99365  0.00830  0.03027 -0.51376 -0.10734 -0.35046
1434400895.358  0.98926  0.00635  0.02612 -0.51009 -0.10459 -0.34954
1434400895.378  0.99365  0.01050  0.02588 -0.51376 -0.10550 -0.35138
1434400895.398  0.99829  0.00732  0.02759 -0.51284 -0.10550 -0.34771
1434400895.419  0.99121  0.00830  0.02490 -0.51284 -0.10734 -0.34862
1434400895.439  0.99170  0.00781  0.02808 -0.51468 -0.10826 -0.35046
1434400895.458  0.99268  0.01123  0.02808 -0.51376 -0.10826 -0.35321
1434400895.479  0.99414  0.00928  0.02808 -0.51743 -0.10734 -0.35046
1434400895.499  0.99414  0.00879  0.02563 -0.51376 -0.10642 -0.35229
1434400895.519  0.99463  0.00830  0.02954 -0.51193 -0.09358 -0.34954
1434400895.539  0.99780  0.00537  0.02930 -0.51468 -0.10642 -0.35046
1434400895.559  0.99170  0.00708  0.02563 -0.51376 -0.10367 -0.35138
1434400895.579  0.99023  0.00635  0.02466 -0.51284 -0.10459 -0.34954
1434400895.599  0.99536  0.00635  0.02832 -0.51101 -0.10642 -0.35046
1434400895.618  0.99194  0.00830  0.02637 -0.51284 -0.11101 -0.34771
1434400895.639  0.99414  0.00952  0.02905 -0.51560 -0.10550 -0.35046
1434400895.659  0.99707  0.00659  0.02637 -0.51651 -0.10550 -0.34954
1434400895.679  0.99414  0.01025  0.02588 -0.51468 -0.10550 -0.35138
1434400895.699  0.99170  0.00830  0.03101 -0.51376 -0.10734 -0.34954
1434400895.719  0.99561  0.00879  0.02417 -0.51468 -0.10826 -0.35229
1434400895.739  0.99365  0.00830  0.02661 -0.51284 -0.10734 -0.34771
1434400895.759  0.99438  0.00928  0.02734 -0.51284 -0.10642 -0.34862
1434400895.779  0.99390  0.00488  0.02759 -0.51560 -0.10642 -0.34954
1434400895.799  0.99243  0.01050  0.02686 -0.51193 -0.10917 -0.35229
1434400895.819  0.99536  0.00879  0.02539 -0.51101 -0.10459 -0.35138
1434400895.839  0.98975  0.00830  0.02808 -0.51376 -0.10917 -0.34862
1434400895.859  0.99585  0.00977  0.03003 -0.51284 -0.10642 -0.34771
1434400895.879  0.99414  0.00781  0.02905 -0.51376 -0.10826 -0.34771
1434400895.899  0.99585  0.00732  0.02734 -0.51468 -0.10642 -0.34862
1434400895.919  0.99219  0.00464  0.02686 -0.51560 -0.10642 -0.34862
1434400895.939  0.99561  0.00439  0.02808 -0.51560 -0.10550 -0.35046
1434400895.959  0.98828  0.00586  0.02539 -0.50917 -0.10826 -0.34954
1434400895.979  0.99341  0.00684  0.02905 -0.51284 -0.10459 -0.35229
1434400895.999  0.99316  0.00830  0.02905 -0.51009 -0.10734 -0.34954
1434400896.019  0.99414  0.00610  0.03027 -0.51376 -0.10734 -0.34954
1434400896.039  0.98926  0.00879  0.02905 -0.51284 -0.10459 -0.34862
1434400896.058  0.99658  0.01001  0.02661 -0.51284 -0.10550 -0.34862
1434400896.079  0.99438  0.00879  0.02393 -0.51376 -0.10826 -0.34954
1434400896.099  0.99170  0.00928  0.02710 -0.51376 -0.10550 -0.34862
1434400896.119  0.99292  0.01074  0.03125 -0.51376 -0.10550 -0.34771
1434400896.139  0.99487  0.00903  0.02979 -0.51376 -0.10550 -0.35138
1434400896.159  0.99072  0.00391  0.02734 -0.51284 -0.10550 -0.34954
1434400896.179  0.99512  0.00732  0.02686 -0.51468 -0.10550 -0.34862
1434400896.199  0.99561  0.01099  0.02783 -0.51376 -0.10550 -0.35046
1434400896.219  0.99219  0.00977  0.02783 -0.51376 -0.10917 -0.35138
1434400896.239  0.99194  0.01001  0.02881 -0.51560 -0.10917 -0.34862
1434400896.259  0.99243  0.01099  0.02539 -0.51468 -0.10642 -0.34679
1434400896.279  0.99243  0.00488  0.02856 -0.51193 -0.10642 -0.35229
1434400896.299  0.99316  0.00879  0.02881 -0.51560 -0.10917 -0.34954
1434400896.318  0.99219  0.00830  0.02710 -0.51376 -0.10459 -0.35138
1434400896.339  0.99219  0.00684  0.02905 -0.51376 -0.10734 -0.34954
1434400896.359  0.99536  0.00635  0.02588 -0.51468 -0.10642 -0.34862
1434400896.379  0.99243  0.01196  0.02612 -0.51284 -0.10550 -0.35046
1434400896.399  0.99438  0.00684  0.02563 -0.51376 -0.10550 -0.34587
1434400896.418  0.99585  0.00879  0.02612 -0.51468 -0.10734 -0.34954
1434400896.438  0.99390  0.00952  0.03125 -0.51284 -0.10459 -0.35046
1434400896.458  0.99512  0.00781  0.02808 -0.51376 -0.10550 -0.34954
1434400896.478  0.99170  0.00977  0.02759 -0.51468 -0.10917 -0.35138
1434400896.498  0.99341  0.00781  0.02686 -0.51376 -0.10642 -0.35046
1434400896.518  0.99390  0.00830  0.02930 -0.51468 -0.10550 -0.35138
1434400896.539  0.99048  0.00977  0.02930 -0.51376 -0.10826 -0.34954
1434400896.558  0.99268  0.00708  0.02710 -0.51651 -0.10642 -0.35321
1434400896.579  0.99292  0.00732  0.03003 -0.51468 -0.10917 -0.34771
1434400896.598  0.99268  0.01025  0.02612 -0.51376 -0.10642 -0.34954
1434400896.618  0.99658  0.00635  0.02930 -0.51560 -0.10642 -0.35046
1434400896.638  0.99268  0.00928  0.02783 -0.51560 -0.10183 -0.34679
1434400896.658  0.99658  0.00977  0.03027 -0.51468 -0.10367 -0.34771
1434400896.679  0.99536  0.00830  0.02832 -0.51284 -0.10642 -0.34954
1434400896.699  0.99341  0.01001  0.03076 -0.51376 -0.10642 -0.35138
1434400896.718  0.99219  0.01001  0.03003 -0.51651 -0.10367 -0.34954
1434400896.739  0.99487  0.00879  0.02661 -0.52294 -0.10642 -0.35046
1434400896.759  0.99438  0.00732  0.02686 -0.51284 -0.10642 -0.34954
1434400896.779  0.99536  0.00879  0.02661 -0.51284 -0.10550 -0.34587
1434400896.799  0.99438  0.01074  0.02686 -0.51468 -0.10734 -0.34771
1434400896.819  0.99438  0.00830  0.02759 -0.51376 -0.10642 -0.34679
1434400896.839  0.99243  0.00732  0.02710 -0.51284 -0.10734 -0.34771
1434400896.859  0.99170  0.00928  0.02930 -0.51560 -0.10734 -0.34954
1434400896.878  0.99316  0.00586  0.02759 -0.51468 -0.10550 -0.35138
1434400896.898  0.99341  0.00586  0.02881 -0.51193 -0.10367 -0.34587
1434400896.918  0.99170  0.01318  0.02515 -0.51193 -0.10734 -0.34679
1434400896.939  0.99292  0.00781  0.02856 -0.51468 -0.10642 -0.34862
1434400896.959  0.99170  0.00830  0.02441 -0.51376 -0.10642 -0.35046
1434400896.979  0.99707  0.00732  0.02856 -0.51284 -0.10642 -0.35046
1434400896.999  0.99561  0.01074  0.03125 -0.51468 -0.10459 -0.34862
1434400897.019  0.99414  0.01001  0.02759 -0.51743 -0.10826 -0.34862
1434400897.039  0.99536  0.00781  0.02686 -0.51376 -0.10642 -0.34862
1434400897.059  0.99390  0.00977  0.02954 -0.51284 -0.10734 -0.35046
1434400897.079  0.99487  0.00977  0.02588 -0.51376 -0.10734 -0.34862
1434400897.099  0.99194  0.01050  0.02930 -0.51468 -0.10826 -0.34862
1434400897.119  0.99341  0.00684  0.02759 -0.51193 -0.10642 -0.35046
1434400897.139  0.98975  0.00830  0.02710 -0.51468 -0.10734 -0.34862
1434400897.159  0.99414  0.00537  0.02661 -0.51376 -0.10459 -0.35046
1434400897.179  0.99438  0.01172  0.02539 -0.51651 -0.10642 -0.35138
1434400897.199  0.99292  0.00928  0.02905 -0.51468 -0.10917 -0.34954
1434400897.219  0.99341  0.01196  0.02612 -0.51284 -0.10734 -0.35046
1434400897.239  0.98975  0.00488  0.03027 -0.51284 -0.10550 -0.34771
1434400897.259  0.99097  0.00708  0.02466 -0.51560 -0.10367 -0.34862
1434400897.279  0.99463  0.00928  0.02466 -0.51284 -0.10734 -0.34771
1434400897.298  0.99316  0.00928  0.02661 -0.51376 -0.10550 -0.35046
1434400897.318  0.99365  0.00928  0.02930 -0.51468 -0.10550 -0.34954
1434400897.338  0.99609  0.01294  0.02710 -0.51560 -0.10642 -0.35046
1434400897.359  0.99634  0.00781  0.02808 -0.51376 -0.10550 -0.34771
1434400897.379  0.99878  0.00732  0.02979 -0.51376 -0.10642 -0.34954
1434400897.398  0.99023  0.01050  0.02832 -0.51193 -0.10642 -0.35046
1434400897.419  0.99219  0.01147  0.02759 -0.51376 -0.10550 -0.34862
1434400897.439  0.99707  0.00879  0.03174 -0.51560 -0.10459 -0.35046
1434400897.459  0.99121  0.00415  0.02637 -0.51560 -0.10734 -0.34771
1434400897.479  0.99341  0.00732  0.02661 -0.51284 -0.10550 -0.35229
1434400897.499  0.99536  0.00610  0.02441 -0.51193 -0.10826 -0.34954
1434400897.519  0.99390  0.00928  0.02661 -0.51101 -0.10550 -0.34954
1434400897.539  0.99512  0.00732  0.02905 -0.51284 -0.10826 -0.34862
1434400897.559  0.99365  0.00732  0.02881 -0.51101 -0.10642 -0.34862
1434400897.579  0.99341  0.00928  0.03174 -0.51468 -0.10550 -0.35138
1434400897.599  0.99658  0.00830  0.03223 -0.51651 -0.10734 -0.34954
1434400897.619  0.99365  0.00928  0.02881 -0.51376 -0.10734 -0.34771
1434400897.639  0.99292  0.00879  0.02808 -0.51468 -0.10642 -0.34862
1434400897.659  0.99316  0.00928  0.02881 -0.51468 -0.10459 -0.35229
1434400897.679  0.99390  0.00977  0.02783 -0.51468 -0.10734 -0.34954
1434400897.699  0.99390  0.00537  0.02930 -0.51651 -0.10550 -0.34771
1434400897.718  0.99146  0.00830  0.02930 -0.51468 -0.10734 -0.34862
1434400897.739  0.98828  0.01001  0.02832 -0.51284 -0.10550 -0.34954
1434400897.759  0.99365  0.00732  0.02808 -0.51468 -0.10550 -0.34954
1434400897.779  0.99609  0.00977  0.02588 -0.51101 -0.10734 -0.35046
1434400897.799  0.99438  0.00366  0.02490 -0.51560 -0.10642 -0.34954
1434400897.819  0.99146  0.00684  0.02930 -0.51193 -0.10550 -0.35138
1434400897.839  0.98975  0.00537  0.02930 -0.51101 -0.10642 -0.35229
1434400897.859  0.99634  0.00928  0.02759 -0.51193 -0.10642 -0.34954
1434400897.879  0.99683  0.00732  0.02856 -0.51468 -0.10826 -0.35046
1434400897.899  0.99316  0.01074  0.02734 -0.51468 -0.10826 -0.34862
1434400897.919  0.99561  0.01001  0.02710 -0.51284 -0.10917 -0.34771
1434400897.939  0.99170  0.00781  0.02905 -0.51651 -0.10550 -0.34862
1434400897.958  0.99463  0.00928  0.02759 -0.51284 -0.10642 -0.34862
1434400897.979  0.99292  0.00903  0.02466 -0.51376 -0.10550 -0.34771
1434400897.999  0.99365  0.00635  0.02832 -0.51468 -0.10917 -0.35046
1434400898.019  0.99365  0.00977  0.02759 -0.51376 -0.10550 -0.34771
1434400898.039  0.99609  0.01001  0.03052 -0.51468 -0.10642 -0.35138
1434400898.059  0.98975  0.00635  0.02832 -0.51376 -0.10550 -0.34954
1434400898.079  0.99585  0.00903  0.02686 -0.51193 -0.11927 -0.34862
1434400898.099  0.99487  0.00977  0.02930 -0.51560 -0.10642 -0.35138
1434400898.119  0.99414  0.01025  0.02710 -0.51468 -0.10826 -0.35046
1434400898.138  0.99438  0.00684  0.02783 -0.51468 -0.10734 -0.34954
1434400898.158  0.99121  0.00977  0.02881 -0.51284 -0.10459 -0.35138
1434400898.179  0.99854  0.00928  0.02881 -0.51284 -0.10734 -0.35046
1434400898.199  0.99316  0.01123  0.02466 -0.51376 -0.10642 -0.34771
1434400898.219  0.99463  0.00830  0.02686 -0.51284 -0.10642 -0.34862
1434400898.238  0.99561  0.01074  0.02759 -0.51560 -0.10826 -0.34954
1434400898.259  0.99292  0.00830  0.02905 -0.51376 -0.10367 -0.35138
1434400898.279  0.99512  0.00830  0.02710 -0.51284 -0.10826 -0.34771
1434400898.298  0.99658  0.00830  0.02979 -0.51101 -0.10550 -0.35229
1434400898.319  0.99121  0.00977  0.02563 -0.51284 -0.10459 -0.34771
1434400898.339  0.99072  0.00537  0.02881 -0.51284 -0.10734 -0.34771
1434400898.359  0.99268  0.00635  0.02710 -0.51468 -0.10734 -0.34954
1434400898.379  0.99634  0.00928  0.02588 -0.51560 -0.10550 -0.35046
1434400898.398  0.99707  0.01001  0.02954 -0.51376 -0.10550 -0.35046
1434400898.418  0.99268  0.00928  0.02710 -0.51009 -0.10550 -0.34954
1434400898.438  0.99023  0.00977  0.02222 -0.51376 -0.10550 -0.34862
1434400898.458  0.99561  0.00488  0.02515 -0.51560 -0.10642 -0.34954
1434400898.479  0.99316  0.00684  0.02515 -0.51376 -0.10734 -0.34862
1434400898.499  0.99731  0.00781  0.02759 -0.51651 -0.10459 -0.34862
1434400898.518  0.99487  0.00781  0.02539 -0.51560 -0.10550 -0.34862
1434400898.538  0.99268  0.00952  0.02783 -0.51193 -0.10642 -0.34862
1434400898.558  0.99707  0.00830  0.02759 -0.51376 -0.10642 -0.34771
1434400898.578  0.99487  0.00586  0.02905 -0.51651 -0.10550 -0.35046
1434400898.598  0.99072  0.00684  0.03223 -0.51468 -0.10459 -0.34954
1434400898.619  0.99365  0.00977  0.02393 -0.51468 -0.11743 -0.34954
1434400898.638  0.99170  0.00732  0.02808 -0.51376 -0.10367 -0.34862
1434400898.658  0.99023  0.00830  0.03125 -0.51284 -0.10642 -0.34954
1434400898.678  0.99390  0.01123  0.02979 -0.51560 -0.10550 -0.34954
1434400898.698  0.99390  0.00757  0.02710 -0.51284 -0.10734 -0.35138
1434400898.718  0.99023  0.00806  0.02661 -0.51284 -0.10459 -0.34771
1434400898.738  0.99072  0.00635  0.02393 -0.51284 -0.10459 -0.34954
1434400898.759  0.98877  0.00732  0.03027 -0.51101 -0.10734 -0.34862
1434400898.778  0.99097  0.00708  0.02637 -0.51468 -0.10642 -0.34771
1434400898.799  0.99634  0.01294  0.02808 -0.51468 -0.10826 -0.35046
1434400898.818  0.99463  0.00732  0.02808 -0.51284 -0.10734 -0.34954
1434400898.838  0.99170  0.00635  0.02686 -0.51284 -0.10642 -0.35138
1434400898.859  0.99390  0.01025  0.02539 -0.51651 -0.10550 -0.34954
1434400898.879  0.99585  0.00854  0.03271 -0.51376 -0.10642 -0.35046
1434400898.899  0.99243  0.00635  0.02612 -0.51376 -0.10550 -0.34771
1434400898.919  0.99512  0.00830  0.02832 -0.51284 -0.10734 -0.34862
1434400898.939  0.99170  0.00928  0.02930 -0.51743 -0.10642 -0.35138
1434400898.959  0.99365  0.00781  0.02979 -0.51743 -0.10550 -0.34862
1434400898.978  0.99243  0.00977  0.02905 -0.51376 -0.10734 -0.34771
1434400898.998  0.99072  0.00830  0.02856 -0.51193 -0.10642 -0.35046
1434400899.018  0.99146  0.01074  0.02539 -0.51009 -0.10550 -0.35229
1434400899.038  0.99219  0.00488  0.02612 -0.51376 -0.10550 -0.34862
1434400899.059  0.99658  0.00537  0.02832 -0.51284 -0.10917 -0.34862
1434400899.079  0.98999  0.00269  0.02710 -0.51193 -0.10550 -0.34954
1434400899.098  0.99341  0.01025  0.02710 -0.51101 -0.10734 -0.34771
1434400899.118  0.99341  0.00684  0.03003 -0.51376 -0.10642 -0.35138
1434400899.138  0.99390  0.00439  0.02832 -0.51468 -0.10734 -0.34954
1434400899.158  0.99609  0.00732  0.02905 -0.51468 -0.10550 -0.34954
1434400899.179  0.98877  0.00684  0.02783 -0.51651 -0.10917 -0.34679
1434400899.198  0.98926  0.00757  0.02734 -0.51468 -0.10642 -0.34862
1434400899.219  0.99316  0.01221  0.02832 -0.51284 -0.10734 -0.34954
1434400899.238  0.99219  0.00781  0.02808 -0.51284 -0.10734 -0.34587
1434400899.258  0.99072  0.00977  0.02686 -0.51468 -0.10459 -0.34954
1434400899.279  0.99268  0.00830  0.02930 -0.51376 -0.10550 -0.34954
1434400899.299  0.99316  0.01025  0.02881 -0.51468 -0.09358 -0.34954
1434400899.319  0.99487  0.00977  0.02832 -0.51101 -0.10550 -0.34862
1434400899.339  0.99390  0.01147  0.02930 -0.51376 -0.10550 -0.34862
1434400899.359  0.99219  0.00781  0.02979 -0.51284 -0.10642 -0.34954
1434400899.379  0.99219  0.00708  0.02734 -0.51560 -0.11468 -0.35229
1434400899.398  0.99341  0.00586  0.02710 -0.51284 -0.10550 -0.34954
1434400899.419  0.99243  0.00928  0.02710 -0.51376 -0.10826 -0.34954
1434400899.439  0.99512  0.00684  0.02393 -0.51193 -0.10550 -0.35046
1434400899.459  0.99170  0.00977  0.02905 -0.51284 -0.10459 -0.34862
1434400899.479  0.99292  0.00952  0.02734 -0.51193 -0.10642 -0.34862
1434400899.498  0.99316  0.01172  0.02466 -0.51284 -0.11101 -0.34954
1434400899.519  0.99585  0.00806  0.02539 -0.51376 -0.10642 -0.35229
1434400899.539  0.99414  0.01050  0.02734 -0.51651 -0.10734 -0.34862
1434400899.559  0.99390  0.00830  0.02344 -0.51468 -0.10917 -0.34954
1434400899.579  0.99243  0.00586  0.02563 -0.51376 -0.10917 -0.35046
1434400899.599  0.98633  0.00977  0.02905 -0.51284 -0.10917 -0.35138
1434400899.619  0.99121  0.00928  0.02734 -0.51376 -0.10917 -0.35138
1434400899.638  0.99487  0.00830  0.02686 -0.51376 -0.10550 -0.35046
1434400899.659  0.99414  0.00781  0.02637 -0.51560 -0.10459 -0.34862
1434400899.679  0.99365  0.00977  0.02466 -0.51376 -0.10642 -0.34862
1434400899.698  0.99121  0.00732  0.02490 -0.51284 -0.10642 -0.34862
1434400899.719  0.98853  0.00684  0.02856 -0.51193 -0.10550 -0.35046
1434400899.739  0.99292  0.00562  0.02783 -0.51560 -0.10183 -0.34954
1434400899.759  0.99463  0.00586  0.02979 -0.51284 -0.10642 -0.34954
1434400899.779  0.99365  0.00732  0.02661 -0.51468 -0.10550 -0.35229
1434400899.799  0.99463  0.00635  0.02759 -0.51284 -0.10459 -0.34862
1434400899.818  0.99414  0.00195  0.02881 -0.51101 -0.10550 -0.34771
1434400899.838  0.99268  0.01270  0.02539 -0.51376 -0.10550 -0.34587
1434400899.858  0.99512  0.00317  0.02417 -0.51560 -0.10550 -0.35046
1434400899.879  0.99487  0.01294  0.02759 -0.51284 -0.10642 -0.34954
1434400899.899  0.99170  0.00830  0.02808 -0.51468 -0.10550 -0.34954
1434400899.919  0.99341  0.00732  0.02563 -0.51468 -0.10734 -0.34954
1434400899.938  0.99170  0.00488  0.02588 -0.51284 -0.10734 -0.34862
1434400899.958  0.99219  0.00684  0.02979 -0.51560 -0.10367 -0.35138
1434400899.978  0.99585  0.00854  0.02637 -0.51193 -0.10550 -0.35138
1434400899.998  0.99365  0.01294  0.02808 -0.51560 -0.10734 -0.34587
1434400900.018  0.98975  0.00586  0.02905 -0.51468 -0.11468 -0.34679
1434400900.039  0.99487  0.00781  0.02856 -0.51468 -0.10550 -0.34862
1434400900.059  0.99194  0.00464  0.02808 -0.51468 -0.10826 -0.35321
1434400900.079  0.99512  0.00684  0.02930 -0.51560 -0.10550 -0.34954
1434400900.099  0.99438  0.00977  0.02930 -0.51560 -0.10183 -0.35138
1434400900.119  0.99219  0.00977  0.02637 -0.51193 -0.10826 -0.34954
1434400900.139  0.99170  0.00879  0.02710 -0.51284 -0.10367 -0.34954
1434400900.159  0.99341  0.00977  0.02515 -0.51376 -0.10642 -0.34954
1434400900.179  0.99609  0.01050  0.02759 -0.51468 -0.10550 -0.34954
1434400900.199  0.98926  0.00781  0.03125 -0.51560 -0.10642 -0.34862
1434400900.219  0.99146  0.00781  0.03125 -0.51376 -0.10734 -0.34954
1434400900.238  0.99121  0.00439  0.02637 -0.51376 -0.10734 -0.34862
1434400900.258  0.99390  0.01050  0.02686 -0.51284 -0.10826 -0.35138
1434400900.278  0.99658  0.00879  0.02930 -0.51560 -0.10550 -0.35046
1434400900.299  0.99463  0.00488  0.02734 -0.51284 -0.10642 -0.35138
1434400900.319  0.99463  0.01123  0.02905 -0.51193 -0.10550 -0.35046
1434400900.338  0.99756  0.00757  0.02832 -0.51284 -0.10642 -0.34954
1434400900.359  0.99170  0.00781  0.02930 -0.51835 -0.10642 -0.35138
1434400900.379  0.99243  0.00830  0.02661 -0.51560 -0.10734 -0.35138
1434400900.398  0.99365  0.01245  0.02637 -0.51651 -0.10642 -0.34954
1434400900.418  0.99438  0.00635  0.02759 -0.51284 -0.10734 -0.34862
1434400900.439  0.99536  0.01245  0.02954 -0.51560 -0.10459 -0.35046
1434400900.459  0.99365  0.00488  0.02759 -0.51376 -0.10642 -0.34771
1434400900.478  0.99561  0.00830  0.02930 -0.51651 -0.10550 -0.34679
1434400900.498  0.99512  0.01221  0.02588 -0.51376 -0.10734 -0.35138
1434400900.518  0.99243  0.00830  0.02856 -0.51376 -0.10734 -0.35046
1434400900.538  0.99365  0.00977  0.02637 -0.51468 -0.10459 -0.35138
1434400900.558  0.99512  0.00781  0.02466 -0.50826 -0.10917 -0.35321
1434400900.579  0.99414  0.01074  0.02759 -0.51560 -0.10459 -0.34954
1434400900.598  0.99219  0.01294  0.02930 -0.51651 -0.10642 -0.35046
1434400900.618  0.99536  0.00732  0.02295 -0.51560 -0.10459 -0.34862
1434400900.638  0.99341  0.01147  0.03125 -0.51376 -0.10826 -0.34862
1434400900.658  0.99146  0.01050  0.02686 -0.51284 -0.10550 -0.34679
1434400900.679  0.99170  0.00879  0.02808 -0.51193 -0.11009 -0.34954
1434400900.698  0.99316  0.00928  0.02783 -0.51284 -0.10550 -0.34954
1434400900.719  0.99536  0.00635  0.02295 -0.51376 -0.10550 -0.34954
1434400900.739  0.99048  0.00781  0.02588 -0.51376 -0.10550 -0.34771
1434400900.759  0.99146  0.00757  0.02637 -0.51284 -0.10917 -0.34862
1434400900.779  0.99121  0.00830  0.02930 -0.51468 -0.10642 -0.35138
1434400900.799  0.99072  0.00635  0.02588 -0.51468 -0.10459 -0.34771
1434400900.819  0.99390  0.00537  0.03027 -0.51284 -0.10642 -0.35138
1434400900.839  0.99365  0.00854  0.02856 -0.51560 -0.10367 -0.35138
1434400900.859  0.99780  0.00781  0.02637 -0.51743 -0.10642 -0.35229
1434400900.879  0.99561  0.01099  0.02759 -0.51376 -0.10550 -0.34954
1434400900.899  0.99316  0.01025  0.02930 -0.51284 -0.10642 -0.34954
1434400900.919  0.99072  0.00586  0.02710 -0.51560 -0.10550 -0.35229
1434400900.938  0.99609  0.00879  0.03076 -0.51468 -0.10734 -0.35046
1434400900.959  0.99658  0.00977  0.02466 -0.51193 -0.10459 -0.34495
1434400900.979  0.99341  0.00781  0.02466 -0.51284 -0.10734 -0.34771
