1434400641.102 -0.00586 -0.00781  1.02222 -0.23211 -0.53761 -0.72385
1434400641.122 -0.00684 -0.00293  1.02563 -0.23211 -0.53761 -0.72202
1434400641.142 -0.00635 -0.00391  1.02612 -0.23303 -0.53578 -0.72202
1434400641.162 -0.00732 -0.00391  1.02637 -0.23119 -0.53670 -0.72294
1434400641.182 -0.00586 -0.00488  1.02539 -0.23028 -0.53394 -0.72661
1434400641.202 -0.00732 -0.00415  1.02441 -0.23028 -0.53578 -0.72385
1434400641.222 -0.00781 -0.00269  1.02490 -0.23211 -0.53670 -0.72477
1434400641.242 -0.00488 -0.00269  1.02246 -0.23211 -0.53486 -0.72294
1434400641.262 -0.00684 -0.00317  1.02295 -0.23303 -0.53394 -0.72385
1434400641.282 -0.00781 -0.00439  1.02441 -0.23119 -0.53486 -0.72294
1434400641.302 -0.00391 -0.00122  1.02319 -0.23394 -0.53853 -0.72202
1434400641.322 -0.00830 -0.00708  1.02271 -0.23394 -0.53486 -0.72385
1434400641.342 -0.01123 -0.00439  1.02466 -0.23211 -0.53486 -0.72110
1434400641.362 -0.00732 -0.00317  1.02246 -0.23578 -0.53486 -0.72385
1434400641.382 -0.00684 -0.00439  1.02393 -0.23119 -0.53394 -0.72294
1434400641.402 -0.00586 -0.00317  1.02271 -0.23211 -0.53578 -0.72202
1434400641.422 -0.00854 -0.00391  1.02441 -0.23303 -0.53578 -0.72018
1434400641.442 -0.00708 -0.00391  1.02124 -0.23394 -0.53578 -0.72202
1434400641.462 -0.00391 -0.00415  1.02271 -0.23303 -0.53211 -0.72477
1434400641.482 -0.01074 -0.00537  1.02393 -0.23028 -0.53486 -0.72477
1434400641.502 -0.00537 -0.00049  1.02393 -0.23211 -0.52752 -0.72661
1434400641.522 -0.00269 -0.00537  1.02393 -0.23578 -0.53486 -0.72202
1434400641.542 -0.00488 -0.00464  1.02295 -0.23211 -0.53761 -0.72018
1434400641.562 -0.00708 -0.00903  1.02441 -0.23211 -0.53486 -0.72110
1434400641.582 -0.00781 -0.00977  1.02173 -0.23119 -0.53578 -0.72385
1434400641.602 -0.00586 -0.00317  1.02222 -0.23119 -0.53486 -0.72385
1434400641.622 -0.00854 -0.00317  1.02368 -0.23211 -0.53853 -0.72110
1434400641.642 -0.00879 -0.00732  1.02075 -0.23028 -0.53486 -0.72385
1434400641.662 -0.00635 -0.00635  1.02075 -0.23119 -0.53211 -0.72385
1434400641.682 -0.01123 -0.00488  1.02344 -0.23028 -0.52936 -0.72294
1434400641.702 -0.00732 -0.00732  1.02148 -0.23028 -0.53303 -0.72569
1434400641.722 -0.00781 -0.00220  1.02393 -0.23211 -0.53670 -0.73028
1434400641.742 -0.00439 -0.00000  1.02173 -0.23303 -0.53761 -0.72477
1434400641.762 -0.00439 -0.00220  1.02100 -0.23119 -0.53853 -0.72477
1434400641.782 -0.00732 -0.00488  1.02441 -0.23119 -0.53211 -0.72294
1434400641.802 -0.00586 -0.00317  1.02466 -0.23028 -0.53578 -0.72385
1434400641.822 -0.00537 -0.00586  1.02393 -0.23303 -0.53578 -0.72202
1434400641.842 -0.00684 -0.00586  1.02222 -0.23303 -0.53486 -0.72202
1434400641.862 -0.00537 -0.00439  1.02490 -0.23119 -0.53761 -0.72294
1434400641.883 -0.00732 -0.00391  1.02393 -0.23028 -0.53486 -0.72202
1434400641.902 -0.00439 -0.00488  1.02148 -0.23211 -0.53394 -0.72477
1434400641.922 -0.00928 -0.00464  1.02466 -0.23211 -0.53578 -0.72385
1434400641.942 -0.00659 -0.00586  1.02539 -0.23119 -0.53761 -0.72294
1434400641.962 -0.00610 -0.00342  1.02539 -0.23211 -0.53578 -0.72385
1434400641.982 -0.00684 -0.00635  1.02490 -0.23028 -0.53394 -0.72569
1434400642.002 -0.00586 -0.00757  1.02222 -0.23394 -0.53578 -0.72569
1434400642.022 -0.00635 -0.00488  1.02295 -0.23119 -0.53670 -0.72110
1434400642.042 -0.00635 -0.00293  1.02051 -0.23211 -0.53761 -0.72202
1434400642.062 -0.00781 -0.00342  1.02637 -0.23394 -0.53578 -0.72294
1434400642.082 -0.00537 -0.00391  1.02222 -0.22752 -0.53394 -0.72294
1434400642.102 -0.01196 -0.00366  1.02539 -0.23394 -0.53761 -0.72385
1434400642.122 -0.00537 -0.00220  1.02759 -0.23119 -0.53486 -0.72202
1434400642.142 -0.00439 -0.00684  1.02295 -0.23486 -0.53670 -0.72294
1434400642.162 -0.00195 -0.00146  1.02441 -0.23303 -0.53853 -0.72477
1434400642.182 -0.00684 -0.00439  1.02441 -0.23303 -0.53394 -0.72477
1434400642.202 -0.00854 -0.00317  1.02539 -0.23119 -0.53853 -0.72385
1434400642.222 -0.00781 -0.00342  1.02246 -0.23303 -0.53670 -0.72477
1434400642.242 -0.00537 -0.00439  1.02441 -0.23303 -0.53853 -0.72385
1434400642.262 -0.00732 -0.00293  1.02393 -0.23394 -0.53303 -0.72018
1434400642.282 -0.00488 -0.00269  1.02295 -0.22936 -0.53486 -0.72385
1434400642.302 -0.00635 -0.00293  1.02197 -0.23119 -0.53578 -0.72202
1434400642.322 -0.00537 -0.00610  1.02637 -0.23303 -0.53670 -0.72110
1434400642.342 -0.00806 -0.00391  1.02173 -0.23394 -0.53578 -0.72294
1434400642.362 -0.00684 -0.00610  1.02271 -0.23211 -0.53578 -0.72385
1434400642.382 -0.00684 -0.00415  1.02002 -0.23211 -0.53303 -0.72294
1434400642.402 -0.01172 -0.00049  1.02393 -0.23211 -0.53486 -0.72477
1434400642.422 -0.00439 -0.00488  1.02100 -0.23303 -0.53761 -0.72385
1434400642.442 -0.00635 -0.00537  1.01855 -0.23211 -0.53578 -0.72110
1434400642.462 -0.00781 -0.00439  1.02368 -0.23211 -0.53486 -0.72294
1434400642.482 -0.00781 -0.00586  1.02393 -0.23119 -0.53486 -0.72477
1434400642.502 -0.00854 -0.00610  1.02686 -0.23211 -0.53486 -0.72294
1434400642.522 -0.00635 -0.00146  1.02173 -0.23303 -0.53761 -0.72202
1434400642.542 -0.00854 -0.00391  1.02197 -0.23119 -0.53945 -0.72110
1434400642.562 -0.00806 -0.00488  1.02441 -0.23303 -0.53578 -0.72385
1434400642.582 -0.00195 -0.00415  1.02246 -0.23119 -0.53394 -0.72477
1434400642.602 -0.00586 -0.00317  1.02344 -0.23119 -0.53761 -0.72477
1434400642.622 -0.00488 -0.00781  1.02393 -0.23211 -0.53670 -0.72569
1434400642.642 -0.00488 -0.00195  1.02124 -0.23486 -0.53670 -0.72294
1434400642.662 -0.00830 -0.00342  1.02588 -0.23303 -0.53486 -0.72110
1434400642.682 -0.00586 -0.00293  1.02466 -0.23211 -0.53578 -0.72477
1434400642.702 -0.00684 -0.00879  1.02124 -0.23028 -0.53486 -0.72202
1434400642.722 -0.00830 -0.00537  1.02026 -0.23303 -0.53578 -0.72202
1434400642.742 -0.00537 -0.00439  1.02344 -0.23211 -0.53303 -0.72202
1434400642.762 -0.00635 -0.00684  1.02100 -0.23211 -0.53394 -0.72477
1434400642.782 -0.00488 -0.00171  1.02319 -0.23394 -0.53578 -0.72477
1434400642.802 -0.00977 -0.00586  1.02490 -0.23211 -0.53670 -0.72202
1434400642.822 -0.00537 -0.00537  1.02393 -0.23303 -0.53670 -0.72202
1434400642.842 -0.00586 -0.00171  1.02344 -0.23119 -0.53578 -0.72110
1434400642.862 -0.00879 -0.00171  1.02393 -0.23303 -0.53578 -0.72477
1434400642.882 -0.00488 -0.00195  1.02441 -0.23028 -0.53303 -0.72477
1434400642.902 -0.00781 -0.00244  1.02295 -0.23028 -0.53578 -0.72477
1434400642.922 -0.01147 -0.00317  1.02393 -0.23211 -0.53394 -0.72477
1434400642.942 -0.00708 -0.00488  1.02539 -0.23119 -0.53486 -0.72294
1434400642.962 -0.00684 -0.00220  1.02344 -0.23394 -0.53303 -0.72569
1434400642.982 -0.00928 -0.00586  1.02148 -0.23486 -0.53578 -0.72569
1434400643.002 -0.01025 -0.00342  1.02441 -0.23303 -0.53853 -0.72202
1434400643.022 -0.00928 -0.00244  1.02710 -0.23028 -0.53761 -0.72477
1434400643.042 -0.00879 -0.00342  1.02466 -0.23211 -0.53761 -0.72661
1434400643.062 -0.00684 -0.00317  1.02417 -0.23211 -0.53578 -0.72202
1434400643.082 -0.01001  0.00171  1.02271 -0.22936 -0.53303 -0.72661
1434400643.102 -0.00684 -0.00562  1.02319 -0.22936 -0.53670 -0.72569
1434400643.122 -0.00684 -0.00562  1.02539 -0.23211 -0.53394 -0.72477
1434400643.142 -0.00439 -0.00684  1.02393 -0.23486 -0.53761 -0.72202
1434400643.162 -0.00757 -0.00830  1.02588 -0.23486 -0.53761 -0.72477
1434400643.182 -0.00635 -0.00342  1.02124 -0.23303 -0.53394 -0.72385
1434400643.202 -0.00659 -0.00488  1.02295 -0.23303 -0.53578 -0.72661
1434400643.222 -0.00537 -0.00513  1.02124 -0.23394 -0.53761 -0.72844
1434400643.242 -0.00830 -0.00562  1.02148 -0.23394 -0.53578 -0.72385
1434400643.262 -0.00391 -0.00195  1.02271 -0.23028 -0.53578 -0.72294
1434400643.282 -0.00732 -0.00415  1.02197 -0.22936 -0.53486 -0.72844
1434400643.302 -0.00439 -0.00610  1.02368 -0.23119 -0.53394 -0.72661
1434400643.322 -0.00977 -0.00537  1.02344 -0.23303 -0.53578 -0.72385
1434400643.342 -0.01074 -0.00513  1.02100 -0.23211 -0.53578 -0.72477
1434400643.362 -0.00537 -0.00830  1.02734 -0.23211 -0.53945 -0.72661
1434400643.382 -0.00537 -0.00854  1.02271 -0.23028 -0.53303 -0.72569
1434400643.402 -0.00488 -0.00342  1.02197 -0.23211 -0.53394 -0.72477
1434400643.422 -0.00879 -0.00366  1.02100 -0.23394 -0.53853 -0.72385
1434400643.442 -0.00659 -0.00439  1.02441 -0.23303 -0.53670 -0.72477
1434400643.462 -0.00830 -0.00586  1.02246 -0.23119 -0.53761 -0.72385
1434400643.482 -0.01025 -0.00317  1.02100 -0.23394 -0.53761 -0.72477
1434400643.502 -0.00439 -0.00562  1.02295 -0.23119 -0.53761 -0.72477
1434400643.522 -0.00537 -0.00195  1.02393 -0.23211 -0.53486 -0.72477
1434400643.542 -0.00928 -0.00317  1.02393 -0.23303 -0.53394 -0.72569
1434400643.562 -0.00439 -0.00562  1.02271 -0.23303 -0.53761 -0.72844
1434400643.582 -0.00830 -0.00659  1.02393 -0.22936 -0.53761 -0.72294
1434400643.602 -0.01074 -0.00342  1.02173 -0.23211 -0.53670 -0.72477
1434400643.622 -0.00488 -0.00366  1.02173 -0.23394 -0.53761 -0.72294
1434400643.642 -0.00732 -0.00366  1.02319 -0.23211 -0.53670 -0.72294
1434400643.662 -0.00708 -0.00537  1.02222 -0.23119 -0.53303 -0.72569
1434400643.682 -0.00952 -0.00317  1.02441 -0.23028 -0.53394 -0.72477
1434400643.702 -0.00928 -0.00684  1.02246 -0.23211 -0.53119 -0.72477
1434400643.722 -0.00732 -0.00122  1.02490 -0.23211 -0.53486 -0.72385
1434400643.742 -0.00586 -0.00439  1.02539 -0.23211 -0.53486 -0.72294
1434400643.762 -0.00586 -0.00635  1.01904 -0.23119 -0.53486 -0.72569
1434400643.782 -0.00732 -0.00342  1.02271 -0.23211 -0.53486 -0.72569
1434400643.802 -0.00659 -0.00610  1.02271 -0.23211 -0.53486 -0.72110
1434400643.822 -0.00781 -0.00317  1.02222 -0.23211 -0.53578 -0.72569
1434400643.842 -0.00635 -0.00439  1.02246 -0.23119 -0.53578 -0.72569
1434400643.862 -0.00684 -0.00146  1.02271 -0.22936 -0.53486 -0.72661
1434400643.882 -0.00903 -0.00635  1.02271 -0.22936 -0.53578 -0.72661
1434400643.902 -0.00806 -0.00098  1.02295 -0.23028 -0.53486 -0.72477
1434400643.922 -0.00757 -0.00269  1.02490 -0.23211 -0.53670 -0.72110
1434400643.942 -0.01050 -0.00635  1.02441 -0.23303 -0.53853 -0.72202
1434400643.962 -0.00635 -0.00122  1.02344 -0.23486 -0.53394 -0.72477
1434400643.982 -0.00830 -0.00269  1.02661 -0.23394 -0.53303 -0.72661
1434400644.002 -0.00781 -0.00684  1.02661 -0.23119 -0.53394 -0.72202
1434400644.022 -0.00464 -0.00122  1.02539 -0.23303 -0.53761 -0.72385
1434400644.042 -0.00684 -0.00269  1.02271 -0.23486 -0.53486 -0.72661
1434400644.062 -0.00537 -0.00464  1.02441 -0.23303 -0.53303 -0.72477
1434400644.082 -0.00488 -0.00537  1.02441 -0.23211 -0.53394 -0.72477
1434400644.102 -0.00537 -0.00586  1.02393 -0.23028 -0.53486 -0.72844
1434400644.122 -0.00488 -0.00513  1.02344 -0.23303 -0.53761 -0.72661
1434400644.142 -0.00537 -0.00171  1.02588 -0.23394 -0.53670 -0.72569
1434400644.162 -0.00513 -0.00366  1.02490 -0.23303 -0.53578 -0.72385
1434400644.182 -0.00635 -0.00488  1.02173 -0.23028 -0.53211 -0.72569
1434400644.202 -0.00586 -0.00977  1.02295 -0.23119 -0.53486 -0.72569
1434400644.222 -0.00684 -0.00366  1.02026 -0.23119 -0.53670 -0.72385
1434400644.242 -0.00586 -0.00049  1.02441 -0.23486 -0.53486 -0.72110
1434400644.262 -0.00537 -0.00342  1.02295 -0.23028 -0.53486 -0.72477
1434400644.282 -0.00903 -0.00464  1.02344 -0.23119 -0.53761 -0.72477
1434400644.302 -0.00903 -0.00684  1.02393 -0.23303 -0.53853 -0.72385
1434400644.322 -0.00928  0.00073  1.02490 -0.23211 -0.53761 -0.72477
1434400644.342 -0.00952 -0.00732  1.02319 -0.23211 -0.53394 -0.72477
1434400644.363 -0.00684 -0.00000  1.02222 -0.23119 -0.53761 -0.72569
1434400644.383 -0.00439 -0.00635  1.02271 -0.23119 -0.53670 -0.72385
1434400644.403 -0.00635 -0.00415  1.02344 -0.23119 -0.53853 -0.72661
1434400644.423 -0.00684 -0.00195  1.02588 -0.23028 -0.53486 -0.72294
1434400644.443 -0.00537 -0.00269  1.02393 -0.23303 -0.53761 -0.72477
1434400644.463 -0.00610 -0.00244  1.02637 -0.23303 -0.53670 -0.72477
1434400644.483 -0.00537 -0.00317  1.02246 -0.23211 -0.53578 -0.72569
1434400644.503 -0.00488 -0.00488  1.02637 -0.23211 -0.53761 -0.72569
1434400644.523 -0.00635 -0.00342  1.02246 -0.23119 -0.53486 -0.72477
1434400644.543 -0.00244 -0.00684  1.02197 -0.23211 -0.53578 -0.72202
1434400644.563 -0.00537 -0.00488  1.02759 -0.23211 -0.53394 -0.72385
1434400644.582 -0.00928 -0.00366  1.02148 -0.23028 -0.53394 -0.72477
1434400644.602 -0.00757  0.00098  1.02075 -0.23119 -0.53394 -0.72844
1434400644.622 -0.00732 -0.00635  1.02393 -0.23119 -0.53761 -0.72569
1434400644.642 -0.00488 -0.00488  1.02271 -0.23303 -0.53486 -0.72385
1434400644.662 -0.00439 -0.00098  1.02295 -0.23303 -0.53486 -0.72110
1434400644.682 -0.00342 -0.00635  1.02368 -0.23028 -0.53486 -0.72385
1434400644.702 -0.00903  0.00049  1.02490 -0.23028 -0.53670 -0.72661
1434400644.722 -0.00464 -0.00732  1.02344 -0.23211 -0.53578 -0.72661
1434400644.742 -0.00439 -0.00732  1.02295 -0.23394 -0.53853 -0.72569
1434400644.762 -0.00977 -0.00366  1.02393 -0.23211 -0.54128 -0.72661
1434400644.782 -0.00586 -0.00366  1.02197 -0.22844 -0.53578 -0.72844
1434400644.802 -0.00732 -0.00781  1.02344 -0.23119 -0.53303 -0.72569
1434400644.822 -0.01123 -0.00220  1.02393 -0.23303 -0.53670 -0.72202
1434400644.842 -0.00684 -0.00317  1.02441 -0.23303 -0.53761 -0.72385
1434400644.862 -0.00586 -0.00220  1.02173 -0.23119 -0.53761 -0.72294
1434400644.882 -0.01074 -0.00146  1.02197 -0.23119 -0.53486 -0.72569
1434400644.902 -0.00635 -0.00098  1.02295 -0.23028 -0.53761 -0.72477
1434400644.922 -0.00537 -0.00293  1.02051 -0.23028 -0.53761 -0.72202
1434400644.942 -0.00537 -0.00635  1.02271 -0.23303 -0.53853 -0.72385
1434400644.962 -0.00391 -0.00342  1.02637 -0.22936 -0.53761 -0.72569
1434400644.982 -0.00488 -0.00269  1.02246 -0.22936 -0.53578 -0.72202
1434400645.002 -0.00537 -0.00000  1.02588 -0.23119 -0.53670 -0.72569
1434400645.022 -0.00537 -0.00366  1.02393 -0.22936 -0.53670 -0.72385
1434400645.042 -0.00806 -0.00098  1.02124 -0.23486 -0.53761 -0.72385
1434400645.062 -0.00586 -0.00366  1.02515 -0.23119 -0.53670 -0.72385
1434400645.082 -0.00830 -0.00220  1.02490 -0.22936 -0.53394 -0.72569
1434400645.102 -0.00928 -0.00244  1.02344 -0.23119 -0.53670 -0.72477
1434400645.122 -0.00830 -0.00049  1.02197 -0.23028 -0.53486 -0.72385
1434400645.142 -0.00586 -0.00439  1.02319 -0.23303 -0.53578 -0.72385
1434400645.162 -0.00537 -0.00171  1.02612 -0.22936 -0.53670 -0.72018
1434400645.182 -0.00928 -0.00269  1.02417 -0.23211 -0.53761 -0.72569
1434400645.202 -0.00586 -0.00488  1.02441 -0.23394 -0.53578 -0.72661
1434400645.222 -0.00586 -0.00195  1.02441 -0.23303 -0.53486 -0.72752
1434400645.242 -0.00537 -0.00732  1.02710 -0.23211 -0.53853 -0.72477
1434400645.262 -0.00830 -0.00537  1.02246 -0.22936 -0.53578 -0.72477
1434400645.282 -0.00537 -0.00342  1.02393 -0.23394 -0.53853 -0.72477
1434400645.302 -0.00488 -0.00195  1.02441 -0.23119 -0.53853 -0.72661
1434400645.322 -0.00586 -0.00464  1.02271 -0.23394 -0.54037 -0.72477
1434400645.342 -0.00781 -0.00513  1.02295 -0.23211 -0.53853 -0.72477
1434400645.362 -0.00928 -0.00684  1.02026 -0.23028 -0.53578 -0.72294
1434400645.382 -0.00537 -0.00415  1.02393 -0.23119 -0.53578 -0.72936
1434400645.402 -0.00635 -0.00171  1.02588 -0.23303 -0.53761 -0.72477
1434400645.422 -0.00537 -0.00562  1.02588 -0.23119 -0.53853 -0.72294
1434400645.442 -0.00537 -0.00464  1.02588 -0.23119 -0.54037 -0.72294
1434400645.462 -0.00488 -0.00293  1.02393 -0.22936 -0.53578 -0.72477
1434400645.482 -0.00537 -0.00708  1.02539 -0.23211 -0.53670 -0.72385
1434400645.503 -0.00439 -0.00586  1.02344 -0.23119 -0.53486 -0.72844
1434400645.523 -0.00415 -0.00415  1.01855 -0.23211 -0.53670 -0.72661
1434400645.542 -0.00903 -0.00513  1.02295 -0.23303 -0.53670 -0.72294
1434400645.562 -0.00562 -0.00586  1.01929 -0.23211 -0.53761 -0.72477
1434400645.582 -0.00635 -0.00146  1.02368 -0.23211 -0.53578 -0.72844
1434400645.602 -0.00439 -0.00513  1.02002 -0.22936 -0.53394 -0.72294
1434400645.622 -0.00439 -0.00684  1.02344 -0.23119 -0.53578 -0.72569
1434400645.642 -0.00610 -0.00366  1.02344 -0.23211 -0.53853 -0.72385
1434400645.662 -0.00757 -0.00391  1.02197 -0.23394 -0.53761 -0.72477
1434400645.682 -0.00635 -0.00488  1.02295 -0.23211 -0.53486 -0.72477
1434400645.702 -0.00830 -0.00195  1.02173 -0.22936 -0.53578 -0.72569
1434400645.722 -0.00293 -0.00879  1.02124 -0.22844 -0.53670 -0.72844
1434400645.742 -0.00537 -0.00220  1.02393 -0.23211 -0.53945 -0.72385
1434400645.762 -0.00830 -0.00464  1.02368 -0.23211 -0.53670 -0.72752
1434400645.782 -0.00513 -0.00146  1.02686 -0.23028 -0.53486 -0.72844
1434400645.802 -0.00732 -0.00635  1.02026 -0.22752 -0.53761 -0.72477
1434400645.822 -0.00781 -0.00439  1.02490 -0.23303 -0.53578 -0.72385
1434400645.842 -0.00903 -0.00269  1.02319 -0.23211 -0.53670 -0.72661
1434400645.862 -0.00586 -0.00586  1.02393 -0.23119 -0.53945 -0.72752
1434400645.882 -0.00488 -0.00464  1.02393 -0.22844 -0.53211 -0.72752
1434400645.902 -0.00830 -0.00269  1.02246 -0.22936 -0.53578 -0.72661
1434400645.922 -0.00635 -0.00220  1.02490 -0.23211 -0.53761 -0.72569
1434400645.942 -0.00537 -0.00537  1.02197 -0.23211 -0.53670 -0.72477
1434400645.962 -0.00488 -0.00464  1.02295 -0.23119 -0.53853 -0.72477
1434400645.982 -0.01294 -0.00293  1.02441 -0.23211 -0.53761 -0.72385
1434400646.002 -0.01123 -0.00439  1.02393 -0.22936 -0.53945 -0.72569
1434400646.022 -0.00635 -0.00586  1.02271 -0.23119 -0.53578 -0.72385
1434400646.042 -0.00781 -0.00391  1.02441 -0.23119 -0.53670 -0.72752
1434400646.062 -0.00977 -0.00244  1.02100 -0.23119 -0.53394 -0.72661
1434400646.082 -0.00439 -0.00488  1.02490 -0.23211 -0.53486 -0.72569
1434400646.102 -0.00684 -0.00391  1.02734 -0.23119 -0.53394 -0.72844
1434400646.122 -0.00293 -0.00293  1.02344 -0.23303 -0.53486 -0.72844
1434400646.142 -0.00732 -0.00293  1.02490 -0.23394 -0.53670 -0.72294
1434400646.162 -0.00757 -0.00415  1.02319 -0.22752 -0.53761 -0.72385
1434400646.182 -0.00635 -0.00122  1.02295 -0.22936 -0.53394 -0.72385
1434400646.202 -0.00781 -0.00342  1.02222 -0.23119 -0.53578 -0.72385
1434400646.222 -0.00586 -0.00562  1.02490 -0.23119 -0.53670 -0.72385
1434400646.242 -0.00928 -0.00269  1.02588 -0.23303 -0.54037 -0.72569
1434400646.262 -0.00537 -0.00439  1.02515 -0.22936 -0.53578 -0.72385
1434400646.282 -0.00439 -0.00269  1.02588 -0.23303 -0.53853 -0.72477
1434400646.302 -0.00732 -0.00415  1.02222 -0.23028 -0.53394 -0.72661
1434400646.322 -0.01099 -0.00513  1.02246 -0.23211 -0.53486 -0.72752
1434400646.342 -0.00830 -0.00732  1.01978 -0.23119 -0.53670 -0.72477
1434400646.362 -0.00854 -0.00732  1.02393 -0.22844 -0.53486 -0.72477
1434400646.382 -0.01074 -0.00464  1.02661 -0.23119 -0.53670 -0.72569
1434400646.402 -0.00684 -0.00464  1.02026 -0.22661 -0.53853 -0.72844
1434400646.422 -0.00610 -0.00391  1.02344 -0.23119 -0.53945 -0.72752
1434400646.442 -0.00586 -0.00269  1.02173 -0.23211 -0.53945 -0.72661
1434400646.463 -0.00732 -0.00562  1.02197 -0.23119 -0.53670 -0.72569
1434400646.483 -0.00513 -0.00269  1.02344 -0.23303 -0.53211 -0.72752
1434400646.503 -0.00928 -0.00464  1.02686 -0.22752 -0.53578 -0.72661
1434400646.522 -0.00488 -0.00537  1.02197 -0.23028 -0.53670 -0.72844
1434400646.543 -0.00781 -0.00317  1.02441 -0.23119 -0.53853 -0.72661
1434400646.562 -0.00635 -0.00439  1.02246 -0.23119 -0.53945 -0.72661
1434400646.582 -0.00537 -0.00464  1.02393 -0.22752 -0.53303 -0.72661
1434400646.602 -0.00537 -0.00415  1.02051 -0.22844 -0.53578 -0.72844
1434400646.622 -0.01099 -0.00366  1.02295 -0.22844 -0.53670 -0.72661
1434400646.642 -0.00586 -0.00391  1.02319 -0.23303 -0.53853 -0.72294
1434400646.662 -0.00610 -0.00781  1.02246 -0.23119 -0.53486 -0.72661
1434400646.682 -0.01001 -0.00659  1.02393 -0.23028 -0.53670 -0.72661
1434400646.702 -0.00854 -0.00269  1.02344 -0.22844 -0.53486 -0.72936
1434400646.722 -0.00488 -0.00342  1.02539 -0.23211 -0.53761 -0.72752
1434400646.742 -0.00781 -0.00513  1.02148 -0.23394 -0.53853 -0.72569
1434400646.762 -0.00684 -0.00244  1.02441 -0.23303 -0.53578 -0.72202
1434400646.782 -0.00952 -0.00830  1.02197 -0.22936 -0.53578 -0.72752
1434400646.802 -0.00781 -0.00439  1.02490 -0.22844 -0.53578 -0.72661
1434400646.822 -0.00732 -0.00269  1.02319 -0.22936 -0.53578 -0.72569
1434400646.842 -0.00537 -0.00146  1.02393 -0.23028 -0.53761 -0.72477
1434400646.862 -0.00635 -0.00488  1.02393 -0.22844 -0.53853 -0.72477
1434400646.882 -0.00635 -0.00342  1.02441 -0.23211 -0.53670 -0.72569
1434400646.902 -0.00781 -0.00537  1.02319 -0.22936 -0.53670 -0.72661
1434400646.922 -0.00732 -0.00586  1.02808 -0.23119 -0.53761 -0.72661
1434400646.942 -0.01050 -0.00610  1.02441 -0.23119 -0.53761 -0.72661
1434400646.962 -0.00610 -0.00391  1.02490 -0.23119 -0.53578 -0.72661
1434400646.982 -0.00635 -0.00464  1.02100 -0.23028 -0.53394 -0.72477
1434400647.002 -0.01001 -0.00537  1.02295 -0.22936 -0.53853 -0.72569
1434400647.022 -0.00732 -0.00244  1.02246 -0.23211 -0.53945 -0.72661
1434400647.042 -0.00684 -0.00781  1.02344 -0.23211 -0.54037 -0.72294
1434400647.062 -0.00415 -0.00244  1.02173 -0.23119 -0.53486 -0.72569
1434400647.082 -0.00635 -0.00391  1.02295 -0.22936 -0.53303 -0.72661
1434400647.102 -0.00293 -0.00317  1.02344 -0.23211 -0.53670 -0.72844
1434400647.122 -0.00488 -0.00562  1.02246 -0.22936 -0.53670 -0.72661
1434400647.142 -0.00732 -0.00415  1.02490 -0.22844 -0.53945 -0.72752
1434400647.162 -0.00781 -0.00342  1.02393 -0.22936 -0.53670 -0.72477
1434400647.182 -0.00684 -0.00635  1.02197 -0.23028 -0.53486 -0.72844
1434400647.202 -0.00732 -0.00024  1.02539 -0.23119 -0.53578 -0.72477
1434400647.222 -0.00537 -0.00244  1.02368 -0.23394 -0.53578 -0.72477
1434400647.242 -0.00879 -0.00317  1.02246 -0.23486 -0.53486 -0.72477
1434400647.262 -0.00830 -0.00537  1.01953 -0.23119 -0.53853 -0.72477
1434400647.282 -0.00586 -0.00708  1.02441 -0.22936 -0.53486 -0.72569
1434400647.302 -0.00586 -0.00171  1.02197 -0.22752 -0.53303 -0.72936
1434400647.322 -0.00439 -0.00488  1.02295 -0.23303 -0.53394 -0.72294
1434400647.342 -0.00732 -0.00415  1.02246 -0.23211 -0.53670 -0.72752
1434400647.362 -0.00439 -0.00562  1.02539 -0.23211 -0.53578 -0.72385
1434400647.382 -0.00220 -0.00610  1.02344 -0.23028 -0.53119 -0.72752
1434400647.402 -0.00537 -0.00171  1.02100 -0.23028 -0.53761 -0.72661
1434400647.422 -0.00537 -0.00366  1.02319 -0.22844 -0.53761 -0.72661
1434400647.442 -0.00781 -0.00488  1.02148 -0.23211 -0.53486 -0.72385
1434400647.462 -0.00586 -0.00488  1.02393 -0.23028 -0.53578 -0.72661
1434400647.482 -0.00928 -0.00195  1.02490 -0.22936 -0.53303 -0.72569
1434400647.503 -0.00537 -0.00464  1.02124 -0.22844 -0.53394 -0.72661
1434400647.523 -0.00415 -0.00586  1.02124 -0.22844 -0.53670 -0.72752
1434400647.543 -0.00977 -0.00439  1.02393 -0.23211 -0.53670 -0.72569
1434400647.563 -0.01147 -0.00415  1.02539 -0.23119 -0.53853 -0.72661
1434400647.582 -0.00757 -0.00830  1.02002 -0.22936 -0.53578 -0.72661
1434400647.602 -0.00635 -0.00317  1.02393 -0.22752 -0.53853 -0.72661
1434400647.622 -0.00391 -0.00269  1.02295 -0.23028 -0.53670 -0.72752
1434400647.642 -0.00781 -0.00415  1.02344 -0.23028 -0.53578 -0.72661
1434400647.662 -0.00635 -0.00415  1.02246 -0.23028 -0.53670 -0.72477
1434400647.682 -0.00439 -0.00269  1.02441 -0.22936 -0.53670 -0.72752
1434400647.702 -0.00391 -0.00024  1.02319 -0.23028 -0.53670 -0.72661
1434400647.722 -0.00342 -0.00439  1.02271 -0.22936 -0.53670 -0.72477
1434400647.742 -0.00391 -0.00415  1.02588 -0.22936 -0.53578 -0.72385
1434400647.762 -0.00269 -0.00464  1.02441 -0.23211 -0.53578 -0.72569
1434400647.782 -0.00537 -0.00391  1.02588 -0.23119 -0.53578 -0.72477
1434400647.802 -0.00781 -0.00293  1.02588 -0.23119 -0.53761 -0.72477
1434400647.822 -0.00635 -0.00464  1.02588 -0.23028 -0.53853 -0.72385
1434400647.842 -0.00732 -0.00342  1.02393 -0.22844 -0.53670 -0.72477
1434400647.862 -0.00830 -0.00391  1.02246 -0.23211 -0.53486 -0.72844
1434400647.882 -0.00781 -0.00366  1.02173 -0.22936 -0.53211 -0.72569
1434400647.902 -0.00391 -0.00220  1.02295 -0.23119 -0.53394 -0.72569
1434400647.922 -0.00684 -0.00439  1.02344 -0.23211 -0.53303 -0.72477
1434400647.942 -0.00928 -0.00049  1.02344 -0.23211 -0.53853 -0.72569
1434400647.962 -0.00488 -0.00562  1.02466 -0.23028 -0.53578 -0.72661
1434400647.982 -0.00586 -0.00244  1.02222 -0.23211 -0.53578 -0.72477
1434400648.002 -0.00342 -0.00635  1.02197 -0.23028 -0.53670 -0.72385
1434400648.022 -0.00830 -0.00513  1.02490 -0.23028 -0.53853 -0.72661
1434400648.042 -0.00586 -0.00635  1.02588 -0.23303 -0.53761 -0.72294
1434400648.062 -0.00635 -0.00195  1.02539 -0.23394 -0.53578 -0.72661
1434400648.082 -0.00171 -0.00732  1.01782 -0.23303 -0.53578 -0.72569
1434400648.102 -0.00586 -0.00342  1.02344 -0.23211 -0.53578 -0.72844
1434400648.122 -0.00928 -0.00195  1.02441 -0.22844 -0.53486 -0.72385
1434400648.142 -0.00391 -0.00732  1.02051 -0.23394 -0.53853 -0.72569
1434400648.162 -0.00171 -0.00269  1.02344 -0.23119 -0.53578 -0.72477
1434400648.182 -0.00586 -0.00537  1.02344 -0.23028 -0.53394 -0.72661
1434400648.202 -0.01196 -0.00171  1.02734 -0.22844 -0.53303 -0.72661
1434400648.222 -0.00537 -0.00513  1.02124 -0.23119 -0.53761 -0.72752
1434400648.242 -0.00439 -0.00342  1.02466 -0.23119 -0.53761 -0.72569
1434400648.262 -0.00732 -0.00439  1.02661 -0.23028 -0.53578 -0.72569
1434400648.282 -0.00684 -0.00171  1.02197 -0.22844 -0.53394 -0.72844
1434400648.302 -0.00684 -0.00366  1.02441 -0.22752 -0.53578 -0.72477
1434400648.322 -0.00879 -0.00488  1.02271 -0.23119 -0.53670 -0.72569
1434400648.342 -0.00342 -0.00342  1.02393 -0.23394 -0.53853 -0.72661
1434400648.362 -0.00488 -0.00000  1.02539 -0.22936 -0.53761 -0.72569
1434400648.382 -0.00488 -0.00732  1.02393 -0.23303 -0.53670 -0.72936
1434400648.402 -0.01050 -0.00317  1.02222 -0.23119 -0.53486 -0.72661
1434400648.423 -0.00732 -0.00781  1.02319 -0.23211 -0.53578 -0.72477
1434400648.442 -0.00586 -0.00317  1.02002 -0.23211 -0.53853 -0.72569
1434400648.462 -0.00537 -0.00342  1.02222 -0.22936 -0.54128 -0.72844
1434400648.482 -0.00732 -0.00269  1.02173 -0.23028 -0.53670 -0.72477
1434400648.502 -0.00659 -0.00537  1.02075 -0.23028 -0.53578 -0.72477
1434400648.522 -0.00439 -0.00342  1.02148 -0.23028 -0.53761 -0.72477
1434400648.542 -0.01074 -0.00415  1.02295 -0.23303 -0.53670 -0.72661
1434400648.562 -0.00635 -0.00293  1.02124 -0.23028 -0.53670 -0.72752
1434400648.582 -0.00342 -0.00171  1.02344 -0.22936 -0.53670 -0.72569
1434400648.602 -0.00439 -0.00244  1.02246 -0.23119 -0.53761 -0.72844
1434400648.622 -0.00635 -0.00098  1.02246 -0.23303 -0.53761 -0.72661
1434400648.642 -0.00684 -0.00439  1.02197 -0.23211 -0.53578 -0.72569
1434400648.662 -0.00732 -0.00635  1.02832 -0.23486 -0.53761 -0.72661
1434400648.682 -0.01196 -0.00537  1.02441 -0.23211 -0.53670 -0.72294
1434400648.702 -0.00439 -0.00439  1.02295 -0.23028 -0.53670 -0.72385
1434400648.722 -0.00684 -0.00317  1.02148 -0.23119 -0.53578 -0.72569
1434400648.742 -0.00732 -0.00513  1.02393 -0.23303 -0.53761 -0.72569
1434400648.762 -0.00732 -0.00366  1.02222 -0.23028 -0.53578 -0.72752
1434400648.782 -0.00830 -0.00537  1.02246 -0.22844 -0.53303 -0.72569
1434400648.802 -0.00684 -0.00537  1.02441 -0.22844 -0.53578 -0.72661
1434400648.822 -0.00586 -0.00488  1.02637 -0.23028 -0.53853 -0.72752
1434400648.842 -0.01099 -0.00513  1.02539 -0.23028 -0.53578 -0.72661
1434400648.862 -0.00732 -0.00610  1.02441 -0.22936 -0.53578 -0.72569
1434400648.882 -0.00586 -0.00317  1.02295 -0.23211 -0.53670 -0.72569
1434400648.902 -0.00610 -0.00586  1.02124 -0.23028 -0.53394 -0.72661
1434400648.922 -0.00781 -0.00635  1.02393 -0.22936 -0.53670 -0.72752
1434400648.942 -0.00537 -0.00195  1.02612 -0.23028 -0.53945 -0.72477
1434400648.962 -0.00537 -0.00171  1.02710 -0.23303 -0.53945 -0.72477
1434400648.982 -0.00684 -0.00562  1.02197 -0.22936 -0.53486 -0.72752
1434400649.002 -0.00879 -0.00171  1.02441 -0.22752 -0.53394 -0.72661
1434400649.022 -0.00635 -0.00464  1.02441 -0.23028 -0.53486 -0.72661
1434400649.042 -0.00781 -0.00464  1.02588 -0.23211 -0.53761 -0.72661
1434400649.062 -0.00854 -0.00488  1.02344 -0.23028 -0.53486 -0.72569
1434400649.082 -0.01172 -0.00366  1.02441 -0.23119 -0.53486 -0.72661
1434400649.102 -0.00586 -0.00269  1.02319 -0.22844 -0.53486 -0.72752
1434400649.122 -0.00732 -0.00269  1.02246 -0.22936 -0.53578 -0.72477
1434400649.142 -0.00806 -0.00171  1.02344 -0.23119 -0.53853 -0.72385
1434400649.162 -0.00732 -0.00024  1.02075 -0.23028 -0.53853 -0.72569
1434400649.182 -0.00439 -0.00195  1.02734 -0.22661 -0.53303 -0.72752
1434400649.202 -0.00488 -0.00586  1.02246 -0.23028 -0.53486 -0.72385
1434400649.222 -0.00879 -0.00439  1.02490 -0.22936 -0.53761 -0.72661
1434400649.242 -0.00732 -0.00781  1.02393 -0.23119 -0.53578 -0.72477
1434400649.262 -0.00781 -0.00342  1.02295 -0.23028 -0.53853 -0.72752
1434400649.282 -0.00537 -0.00269  1.02393 -0.22936 -0.53578 -0.72752
1434400649.303 -0.00488 -0.00781  1.02539 -0.22844 -0.53486 -0.72569
1434400649.322 -0.00488 -0.00293  1.02246 -0.23119 -0.53578 -0.72661
1434400649.342 -0.00415 -0.00537  1.02075 -0.23119 -0.53670 -0.72569
1434400649.362 -0.00537 -0.00439  1.02441 -0.22844 -0.53670 -0.72752
1434400649.382 -0.00439 -0.00146  1.02710 -0.23028 -0.53578 -0.72661
1434400649.402 -0.00391 -0.00220  1.02295 -0.23028 -0.53670 -0.72385
1434400649.422 -0.00684 -0.00122  1.02441 -0.23119 -0.53486 -0.72569
1434400649.442 -0.00488 -0.00488  1.02197 -0.22936 -0.53486 -0.72661
1434400649.462 -0.00684 -0.00781  1.02319 -0.22844 -0.53853 -0.72385
1434400649.482 -0.00586 -0.00317  1.02173 -0.22844 -0.53394 -0.72661
1434400649.502 -0.00684 -0.00684  1.02319 -0.23211 -0.53761 -0.72752
1434400649.522 -0.00586 -0.00586  1.02393 -0.23211 -0.53578 -0.72569
1434400649.542 -0.00537 -0.00684  1.02295 -0.23028 -0.53853 -0.72661
1434400649.562 -0.01147 -0.00488  1.02686 -0.23119 -0.53394 -0.72477
1434400649.582 -0.00537 -0.00488  1.02539 -0.22936 -0.53578 -0.72661
1434400649.602 -0.00684 -0.00439  1.02246 -0.22752 -0.53486 -0.72477
1434400649.622 -0.00879 -0.00513  1.02393 -0.23028 -0.53303 -0.72477
1434400649.642 -0.00439 -0.00659  1.02393 -0.23303 -0.53486 -0.72569
1434400649.662 -0.00830 -0.00122  1.02563 -0.23119 -0.53670 -0.72569
1434400649.682 -0.00684 -0.00439  1.02246 -0.22936 -0.53578 -0.72385
1434400649.702 -0.00391 -0.00195  1.02173 -0.22752 -0.53394 -0.72844
1434400649.722 -0.00537 -0.00366  1.02246 -0.23119 -0.53670 -0.72385
1434400649.742 -0.01050 -0.00122  1.02417 -0.22936 -0.53761 -0.72569
1434400649.762 -0.00488 -0.00098  1.02344 -0.23119 -0.53761 -0.72569
1434400649.782 -0.00586 -0.00537  1.02148 -0.23119 -0.53853 -0.72661
1434400649.802 -0.00586 -0.00171  1.02271 -0.22844 -0.53486 -0.72661
1434400649.822 -0.00610 -0.00684  1.02295 -0.23211 -0.53853 -0.72569
1434400649.842 -0.00293 -0.00488  1.02246 -0.23303 -0.53945 -0.72477
1434400649.862 -0.00977 -0.00366  1.02222 -0.23303 -0.53486 -0.72385
1434400649.882 -0.00610 -0.00293  1.02026 -0.22936 -0.53303 -0.72661
1434400649.902 -0.00488 -0.00415  1.02441 -0.23119 -0.53486 -0.72661
1434400649.922 -0.00439 -0.00220  1.02466 -0.23119 -0.53486 -0.72661
1434400649.942 -0.00488 -0.00098  1.02271 -0.23119 -0.53670 -0.72569
1434400649.962 -0.00977 -0.00659  1.02197 -0.23028 -0.53486 -0.72569
1434400649.982 -0.00830 -0.00317  1.02368 -0.22936 -0.53486 -0.73028
1434400650.002 -0.00586 -0.00244  1.02295 -0.22752 -0.53303 -0.72752
1434400650.022 -0.00732 -0.00391  1.02271 -0.22936 -0.53486 -0.72752
1434400650.042 -0.00439 -0.00586  1.02393 -0.23119 -0.53761 -0.72294
1434400650.062 -0.01123 -0.00562  1.02734 -0.23211 -0.53303 -0.72477
1434400650.082 -0.00586 -0.00171  1.02344 -0.23028 -0.53670 -0.72385
1434400650.102 -0.00586 -0.00610  1.02002 -0.22936 -0.53211 -0.72661
1434400650.122 -0.01025 -0.00366  1.02393 -0.23119 -0.53670 -0.72569
1434400650.142 -0.00635 -0.00439  1.02344 -0.23119 -0.53761 -0.72477
1434400650.162 -0.00830 -0.00586  1.02222 -0.22936 -0.53578 -0.72569
1434400650.182 -0.00708 -0.00366  1.02490 -0.22936 -0.53486 -0.72569
1434400650.202 -0.00928 -0.00415  1.02490 -0.23028 -0.53945 -0.72477
1434400650.222 -0.00439 -0.00146  1.02686 -0.23028 -0.53945 -0.72477
1434400650.242 -0.00488 -0.00513  1.02075 -0.23303 -0.53761 -0.72569
1434400650.262 -0.00732 -0.00464  1.02393 -0.23119 -0.53853 -0.72661
1434400650.282 -0.00537 -0.00391  1.02393 -0.23119 -0.53486 -0.72661
1434400650.302 -0.00732 -0.00635  1.02368 -0.23119 -0.53303 -0.72844
1434400650.322 -0.00610 -0.00098  1.02539 -0.22569 -0.53761 -0.72477
1434400650.342 -0.00635 -0.00708  1.02124 -0.22661 -0.53761 -0.72477
1434400650.362 -0.00684 -0.00439  1.02197 -0.23028 -0.53486 -0.72661
1434400650.382 -0.00488 -0.00049  1.02100 -0.23119 -0.53303 -0.72569
1434400650.403 -0.01025 -0.00317  1.02124 -0.22752 -0.53578 -0.72477
1434400650.423 -0.00684 -0.00488  1.02588 -0.22936 -0.53761 -0.72661
1434400650.443 -0.00537 -0.00342  1.02344 -0.23119 -0.53945 -0.72569
1434400650.462 -0.00781 -0.00293  1.02246 -0.23119 -0.53853 -0.72569
1434400650.482 -0.00854 -0.00586  1.02368 -0.22936 -0.53578 -0.72477
1434400650.502 -0.00928 -0.00317  1.02246 -0.22752 -0.53394 -0.72477
1434400650.522 -0.00586 -0.00342  1.02490 -0.23119 -0.53761 -0.72477
1434400650.542 -0.00732 -0.00220  1.02197 -0.23211 -0.53945 -0.72294
1434400650.562 -0.00439 -0.00879  1.02295 -0.23119 -0.53945 -0.72661
1434400650.582 -0.00684 -0.00830  1.02441 -0.22936 -0.53853 -0.72844
1434400650.602 -0.00635 -0.00684  1.02197 -0.22844 -0.53670 -0.72661
1434400650.622 -0.00635 -0.00195  1.02246 -0.22661 -0.53211 -0.72661
1434400650.642 -0.00586 -0.00488  1.02100 -0.23119 -0.53761 -0.72661
1434400650.662 -0.00928 -0.00513  1.02295 -0.23211 -0.53853 -0.72661
1434400650.682 -0.00488 -0.00220  1.02295 -0.22936 -0.53303 -0.72569
1434400650.702 -0.00586 -0.00586  1.02319 -0.23028 -0.53761 -0.72661
1434400650.722 -0.00830 -0.00684  1.02246 -0.23028 -0.53578 -0.72569
1434400650.742 -0.00757 -0.00684  1.02344 -0.23394 -0.53853 -0.72661
1434400650.762 -0.00439 -0.00366  1.02441 -0.23211 -0.53853 -0.72569
1434400650.782 -0.00977 -0.00171  1.02124 -0.23028 -0.53670 -0.72385
1434400650.802 -0.00757 -0.00488  1.02271 -0.22844 -0.53578 -0.72661
1434400650.822 -0.00537 -0.00391  1.02344 -0.23119 -0.53394 -0.72477
1434400650.842 -0.00879 -0.00366  1.02417 -0.23303 -0.53761 -0.72385
1434400650.862 -0.00488 -0.00537  1.02271 -0.23028 -0.53578 -0.72844
1434400650.882 -0.00488 -0.00317  1.02539 -0.23028 -0.53945 -0.72752
1434400650.902 -0.00391 -0.00317  1.02271 -0.23119 -0.53303 -0.72477
1434400650.922 -0.00439 -0.00342  1.02490 -0.23028 -0.53945 -0.72477
1434400650.942 -0.00684 -0.00220  1.02637 -0.23028 -0.53761 -0.72752
1434400650.962 -0.00659 -0.00171  1.02075 -0.22936 -0.53670 -0.72294
1434400650.982 -0.00684 -0.00415  1.02490 -0.23028 -0.53578 -0.72661
1434400651.002 -0.00781 -0.00488  1.02393 -0.22752 -0.53670 -0.72661
1434400651.022 -0.00537 -0.00464  1.02490 -0.22936 -0.53761 -0.72477
1434400651.042 -0.00781 -0.00342  1.02368 -0.23028 -0.53578 -0.72752
1434400651.062 -0.00830 -0.00220  1.02222 -0.23028 -0.53945 -0.72477
1434400651.082 -0.00537 -0.00073  1.02222 -0.23119 -0.53761 -0.72752
1434400651.102 -0.00732 -0.00244  1.02393 -0.23028 -0.53670 -0.72385
1434400651.122 -0.00781 -0.00342  1.02686 -0.22844 -0.53670 -0.72569
1434400651.142 -0.00977 -0.00269  1.02393 -0.23119 -0.53853 -0.72569
1434400651.162 -0.00854 -0.00269  1.02466 -0.23211 -0.53670 -0.72661
1434400651.182 -0.00830 -0.00903  1.02441 -0.23028 -0.53670 -0.72569
1434400651.202 -0.00635 -0.00122  1.02441 -0.23119 -0.53394 -0.72477
1434400651.222 -0.00635 -0.00732  1.02490 -0.23119 -0.53578 -0.72661
1434400651.242 -0.01001 -0.00806  1.02344 -0.23211 -0.53853 -0.72477
1434400651.262 -0.00635 -0.00269  1.02393 -0.23486 -0.53486 -0.72477
1434400651.282 -0.00977 -0.00684  1.02490 -0.22936 -0.53394 -0.72661
1434400651.302 -0.00488 -0.00684  1.01953 -0.22844 -0.53670 -0.72661
1434400651.323 -0.00488 -0.00562  1.02344 -0.23028 -0.53486 -0.72661
1434400651.343 -0.00635 -0.00098  1.02222 -0.23303 -0.53761 -0.72661
1434400651.363 -0.00928 -0.00488  1.02441 -0.23211 -0.53761 -0.72569
1434400651.382 -0.00391 -0.00537  1.02393 -0.22844 -0.53578 -0.72569
1434400651.402 -0.00586 -0.00488  1.02393 -0.22936 -0.53303 -0.72844
1434400651.422 -0.00732 -0.00391  1.02441 -0.23119 -0.53486 -0.72569
1434400651.442 -0.00830 -0.00586  1.01978 -0.23119 -0.53578 -0.72661
1434400651.462 -0.00732 -0.00513  1.02393 -0.23303 -0.53853 -0.72477
1434400651.482 -0.00977 -0.00391  1.02393 -0.23028 -0.53486 -0.72752
1434400651.502 -0.00439 -0.00220  1.02539 -0.23028 -0.53486 -0.72661
1434400651.522 -0.00684 -0.00024  1.01953 -0.23211 -0.53945 -0.72752
1434400651.542 -0.00293 -0.00952  1.02539 -0.23028 -0.54037 -0.72202
1434400651.562 -0.00732 -0.00488  1.02490 -0.22936 -0.53670 -0.72752
1434400651.582 -0.00928 -0.00366  1.02588 -0.23028 -0.53945 -0.72569
1434400651.602 -0.00684 -0.00635  1.02051 -0.22844 -0.53486 -0.72661
1434400651.622 -0.00684 -0.00391  1.02222 -0.22936 -0.53853 -0.72477
1434400651.642 -0.00684 -0.00220  1.02197 -0.23119 -0.54037 -0.72661
1434400651.662 -0.00439 -0.00293  1.02441 -0.23119 -0.53670 -0.72569
1434400651.682 -0.00537 -0.00439  1.02393 -0.23119 -0.53303 -0.72569
1434400651.702 -0.00342 -0.00684  1.02637 -0.22936 -0.53670 -0.72477
1434400651.722 -0.00586 -0.00439  1.02197 -0.23119 -0.53578 -0.72661
1434400651.742 -0.00635 -0.00415  1.02930 -0.22936 -0.53853 -0.72569
1434400651.762 -0.00977 -0.00317  1.02124 -0.23119 -0.53578 -0.72385
1434400651.782 -0.00928 -0.00562  1.02539 -0.23028 -0.53578 -0.72661
1434400651.802 -0.00977 -0.00537  1.02588 -0.22936 -0.54220 -0.72569
1434400651.822 -0.00781 -0.00146  1.02246 -0.23211 -0.53670 -0.72844
1434400651.842 -0.00684 -0.00439  1.02295 -0.23211 -0.53670 -0.72477
1434400651.862 -0.00781 -0.00488  1.02222 -0.23028 -0.53578 -0.72385
1434400651.882 -0.00488 -0.00098  1.02588 -0.22936 -0.53394 -0.72752
1434400651.902 -0.00684 -0.00220  1.02124 -0.23119 -0.53670 -0.72569
1434400651.922 -0.00586 -0.00488  1.02368 -0.22936 -0.53670 -0.72569
1434400651.942 -0.01001 -0.00635  1.02393 -0.23028 -0.53761 -0.72477
1434400651.962 -0.00439 -0.00488  1.02393 -0.23028 -0.53853 -0.72752
1434400651.982 -0.00537 -0.00586  1.02686 -0.23028 -0.53578 -0.72844
1434400652.002 -0.00732 -0.00488  1.02393 -0.23028 -0.53486 -0.72844
1434400652.022 -0.00659 -0.00635  1.02441 -0.23303 -0.53853 -0.72661
1434400652.042 -0.00830 -0.00269  1.02344 -0.23211 -0.53486 -0.72385
1434400652.062 -0.00879 -0.00586  1.02026 -0.23028 -0.53670 -0.72569
1434400652.082 -0.00391 -0.00269  1.02637 -0.23119 -0.53486 -0.72569
1434400652.102 -0.00903 -0.00562  1.02759 -0.22844 -0.53578 -0.72752
1434400652.122 -0.00635 -0.00220  1.02490 -0.23028 -0.53853 -0.72569
1434400652.142 -0.00732 -0.00635  1.02441 -0.23028 -0.53578 -0.72844
1434400652.162 -0.00635 -0.00488  1.02075 -0.23211 -0.53486 -0.72569
1434400652.182 -0.00635 -0.00415  1.02246 -0.23119 -0.53670 -0.72569
1434400652.202 -0.00488 -0.00732  1.02246 -0.23028 -0.53670 -0.72661
1434400652.222 -0.01099 -0.00098  1.02295 -0.23211 -0.53578 -0.72844
1434400652.242 -0.00635 -0.00464  1.02539 -0.22936 -0.53853 -0.72661
1434400652.262 -0.00781 -0.00317  1.02124 -0.22936 -0.53670 -0.72661
1434400652.282 -0.00757 -0.00635  1.02197 -0.22936 -0.53578 -0.72569
1434400652.302 -0.00586 -0.00537  1.02441 -0.23028 -0.53394 -0.72844
1434400652.322 -0.00903 -0.00293  1.02075 -0.22844 -0.53578 -0.72569
1434400652.342 -0.00781 -0.00488  1.02539 -0.23119 -0.54679 -0.72752
1434400652.362 -0.00977 -0.00415  1.02441 -0.23211 -0.53853 -0.72569
1434400652.382 -0.00879 -0.00146  1.02710 -0.23211 -0.53670 -0.72477
1434400652.402 -0.00488 -0.00415  1.02539 -0.23211 -0.53578 -0.72569
1434400652.422 -0.00757 -0.00806  1.02344 -0.23119 -0.53394 -0.72569
1434400652.442 -0.00317 -0.00488  1.02588 -0.23211 -0.53670 -0.72477
1434400652.462 -0.00415 -0.00684  1.02222 -0.22936 -0.53578 -0.72477
1434400652.482 -0.01074  0.00098  1.01855 -0.23303 -0.53486 -0.72661
1434400652.502 -0.00635 -0.00098  1.02637 -0.22844 -0.53578 -0.72569
1434400652.522 -0.00952 -0.00391  1.02344 -0.22936 -0.53486 -0.72661
1434400652.542 -0.00342 -0.00513  1.02344 -0.23028 -0.53486 -0.72661
1434400652.562 -0.00732 -0.00537  1.02539 -0.23303 -0.53394 -0.72569
1434400652.582 -0.00439 -0.00586  1.02344 -0.23028 -0.53303 -0.72936
1434400652.602 -0.00537 -0.00684  1.02417 -0.23028 -0.53670 -0.72844
1434400652.622 -0.00586 -0.00537  1.02051 -0.23119 -0.53670 -0.72477
1434400652.642 -0.00684 -0.00391  1.02539 -0.23211 -0.53394 -0.72844
1434400652.662 -0.00317 -0.00317  1.02539 -0.23119 -0.53670 -0.72752
1434400652.682 -0.00586 -0.00391  1.02368 -0.22936 -0.53578 -0.72569
1434400652.702 -0.00488 -0.00269  1.02246 -0.22936 -0.53394 -0.72385
1434400652.722 -0.00732 -0.00171  1.02344 -0.22844 -0.53578 -0.72661
1434400652.742 -0.00586 -0.00439  1.02344 -0.23303 -0.54037 -0.72385
1434400652.762 -0.00439 -0.00317  1.02637 -0.22936 -0.53486 -0.72661
1434400652.782 -0.00537 -0.00488  1.02295 -0.23303 -0.53394 -0.72569
1434400652.802 -0.00977 -0.00317  1.02368 -0.23028 -0.53486 -0.72569
1434400652.822 -0.00635 -0.00317  1.02344 -0.23028 -0.53578 -0.72661
1434400652.842 -0.00342 -0.00342  1.02124 -0.23119 -0.53486 -0.72752
1434400652.862 -0.00488 -0.00635  1.02368 -0.23119 -0.53670 -0.72752
1434400652.882 -0.00488 -0.00146  1.02124 -0.23028 -0.53394 -0.72569
1434400652.902 -0.00928 -0.00928  1.02441 -0.22936 -0.53394 -0.72569
1434400652.922 -0.00488 -0.00342  1.02148 -0.23028 -0.53853 -0.72661
1434400652.942 -0.00879 -0.00171  1.02124 -0.23028 -0.53670 -0.72385
1434400652.962 -0.00684 -0.00635  1.02075 -0.23211 -0.54037 -0.72477
1434400652.982 -0.00439 -0.00732  1.02197 -0.22936 -0.53670 -0.72661
1434400653.002 -0.00830 -0.00244  1.02539 -0.22844 -0.53670 -0.72385
1434400653.022 -0.00781 -0.00073  1.02124 -0.23119 -0.53761 -0.72661
1434400653.042 -0.00391 -0.00488  1.02612 -0.23119 -0.53486 -0.72661
1434400653.062 -0.01050 -0.00757  1.02710 -0.23119 -0.53670 -0.72752
1434400653.082 -0.00317 -0.00635  1.02808 -0.22844 -0.53486 -0.72569
1434400653.102 -0.00781 -0.00586  1.02490 -0.22661 -0.53394 -0.72752
1434400653.122 -0.00244 -0.00195  1.02539 -0.22936 -0.53578 -0.72844
1434400653.142 -0.00952 -0.00488  1.02271 -0.23119 -0.53670 -0.72752
1434400653.162 -0.00537 -0.00269  1.02539 -0.23119 -0.53670 -0.72385
1434400653.182 -0.00195 -0.00220  1.02197 -0.23119 -0.53670 -0.72752
1434400653.202 -0.00586 -0.00122  1.02466 -0.23028 -0.53394 -0.72661
1434400653.223 -0.00537 -0.00635  1.02222 -0.23119 -0.53486 -0.72569
1434400653.243 -0.00537  0.00049  1.02441 -0.23303 -0.53578 -0.72844
1434400653.263 -0.00830 -0.00269  1.02539 -0.23119 -0.53394 -0.72844
1434400653.283 -0.00439 -0.00171  1.02246 -0.23119 -0.53578 -0.72202
1434400653.302 -0.00586 -0.00415  1.02148 -0.22936 -0.53303 -0.72844
1434400653.323 -0.00781 -0.00146  1.02441 -0.23211 -0.53303 -0.72569
1434400653.343 -0.00830 -0.00781  1.02441 -0.23303 -0.53670 -0.72477
1434400653.363 -0.00732 -0.00610  1.02441 -0.23211 -0.53761 -0.72477
1434400653.382 -0.00757 -0.00537  1.02246 -0.23211 -0.53211 -0.72477
1434400653.402 -0.00488 -0.00195  1.02148 -0.22844 -0.53394 -0.72844
1434400653.422 -0.00635 -0.00488  1.02271 -0.23028 -0.53486 -0.72844
1434400653.442 -0.00879 -0.00342  1.02490 -0.23119 -0.53853 -0.72477
1434400653.462 -0.00537 -0.00464  1.02271 -0.23211 -0.53303 -0.72752
1434400653.482 -0.00488 -0.00122  1.02148 -0.23119 -0.53761 -0.72936
1434400653.502 -0.00488 -0.00781  1.02710 -0.23211 -0.53761 -0.72752
1434400653.522 -0.00879 -0.00439  1.02563 -0.23028 -0.53670 -0.72569
1434400653.542 -0.00586 -0.00342  1.02124 -0.23119 -0.53394 -0.72477
1434400653.562 -0.00684 -0.00781  1.02393 -0.23303 -0.53853 -0.72569
1434400653.582 -0.00635 -0.00293  1.02539 -0.23028 -0.53303 -0.72661
1434400653.602 -0.00610 -0.00317  1.02490 -0.22936 -0.53853 -0.72569
1434400653.622 -0.00537 -0.00977  1.02393 -0.22936 -0.53853 -0.72661
1434400653.642 -0.00635 -0.00269  1.02417 -0.23028 -0.53945 -0.72752
1434400653.662 -0.00879 -0.00464  1.02344 -0.23211 -0.53670 -0.72569
1434400653.682 -0.00537 -0.00220  1.02222 -0.22844 -0.53486 -0.72569
1434400653.702 -0.00854 -0.00537  1.02686 -0.22936 -0.53578 -0.72110
1434400653.722 -0.00439 -0.00586  1.02197 -0.22844 -0.53761 -0.72936
1434400653.742 -0.00293 -0.00073  1.02393 -0.23119 -0.53578 -0.72661
1434400653.762 -0.00488 -0.00537  1.02490 -0.23211 -0.53670 -0.72477
1434400653.782 -0.00732 -0.00146  1.02588 -0.22844 -0.53578 -0.72661
1434400653.802 -0.00684 -0.00684  1.02295 -0.22936 -0.53486 -0.72569
1434400653.822 -0.00732 -0.00269  1.02344 -0.22936 -0.53853 -0.72385
1434400653.842 -0.00684 -0.00879  1.02124 -0.23119 -0.53578 -0.72477
1434400653.862 -0.00879 -0.00220  1.02173 -0.23119 -0.53761 -0.72569
1434400653.882 -0.00684 -0.00635  1.02515 -0.22936 -0.53486 -0.72752
1434400653.902 -0.00879 -0.00879  1.02124 -0.22936 -0.53394 -0.72661
1434400653.922 -0.00757 -0.00513  1.02271 -0.23119 -0.53578 -0.72569
1434400653.942 -0.01074 -0.00391  1.02466 -0.23303 -0.53670 -0.72569
1434400653.962 -0.00391 -0.00415  1.02417 -0.23119 -0.53578 -0.72752
1434400653.982 -0.00806 -0.00684  1.02246 -0.22752 -0.53486 -0.72661
1434400654.002 -0.00635 -0.00391  1.02490 -0.23028 -0.53486 -0.72661
1434400654.022 -0.00879 -0.00464  1.02295 -0.23028 -0.53394 -0.72752
1434400654.042 -0.00488 -0.00220  1.02100 -0.23211 -0.53761 -0.72661
1434400654.062 -0.00879 -0.00269  1.02319 -0.23119 -0.53761 -0.72661
1434400654.082 -0.00732 -0.00293  1.02417 -0.23028 -0.53578 -0.72661
1434400654.102 -0.00537 -0.00537  1.02344 -0.22936 -0.53394 -0.72752
1434400654.122 -0.00684 -0.00391  1.02246 -0.22569 -0.53578 -0.72569
1434400654.142 -0.00635 -0.00415  1.02441 -0.23028 -0.53853 -0.72569
1434400654.162 -0.00635 -0.00293  1.02026 -0.23119 -0.53761 -0.72569
1434400654.182 -0.00537 -0.00317  1.02197 -0.22936 -0.53761 -0.72294
1434400654.202 -0.00537 -0.00464  1.02368 -0.22844 -0.53578 -0.72752
1434400654.222 -0.00879 -0.00879  1.02563 -0.23028 -0.53670 -0.72661
1434400654.242 -0.01025 -0.00317  1.02271 -0.22936 -0.53486 -0.72752
1434400654.262 -0.00879 -0.00269  1.02344 -0.23211 -0.53486 -0.72385
1434400654.282 -0.00903 -0.00488  1.02393 -0.23211 -0.53670 -0.72569
1434400654.302 -0.00684 -0.00830  1.02637 -0.22936 -0.53670 -0.72661
1434400654.322 -0.00732 -0.00415  1.02490 -0.23028 -0.53761 -0.72477
1434400654.342 -0.00830 -0.00366  1.02271 -0.23028 -0.53761 -0.72385
1434400654.362 -0.00488 -0.00659  1.02515 -0.22752 -0.53853 -0.72477
1434400654.382 -0.00391 -0.00708  1.02686 -0.23119 -0.53486 -0.72844
1434400654.402 -0.00635 -0.00391  1.02026 -0.23028 -0.53670 -0.72385
1434400654.422 -0.00928 -0.00269  1.02222 -0.22936 -0.53670 -0.72661
1434400654.443 -0.00879 -0.00635  1.02344 -0.23119 -0.53761 -0.72477
1434400654.463 -0.00830 -0.00024  1.02588 -0.23028 -0.53394 -0.72569
1434400654.483 -0.00781 -0.00415  1.02490 -0.23211 -0.53761 -0.72569
1434400654.503 -0.00391 -0.00586  1.02344 -0.22936 -0.53303 -0.72294
1434400654.522 -0.00684 -0.00195  1.02295 -0.23028 -0.53670 -0.72477
1434400654.542 -0.00830 -0.00391  1.02588 -0.22844 -0.53670 -0.72477
1434400654.562 -0.00977 -0.00439  1.02490 -0.23303 -0.53853 -0.72202
1434400654.582 -0.00635 -0.00171  1.02637 -0.23028 -0.53486 -0.72661
1434400654.602 -0.00513 -0.00684  1.02173 -0.23028 -0.53394 -0.72844
1434400654.622 -0.00488 -0.00220  1.02246 -0.22936 -0.53670 -0.72752
1434400654.642 -0.00854 -0.00464  1.02441 -0.23119 -0.53670 -0.72477
1434400654.662 -0.00854 -0.00635  1.02295 -0.23303 -0.53761 -0.72477
1434400654.682 -0.00488 -0.00244  1.02466 -0.23119 -0.53578 -0.72661
1434400654.702 -0.00269 -0.00586  1.02539 -0.23119 -0.53578 -0.72569
1434400654.722 -0.00610 -0.00415  1.01880 -0.22752 -0.53486 -0.72294
1434400654.742 -0.00977 -0.00586  1.02344 -0.23211 -0.53761 -0.72661
1434400654.762 -0.00928 -0.00439  1.02368 -0.23028 -0.53853 -0.72569
1434400654.782 -0.00830 -0.00024  1.02222 -0.22752 -0.53578 -0.72752
1434400654.802 -0.00684 -0.00464  1.02393 -0.23303 -0.53394 -0.72569
1434400654.822 -0.00684 -0.00317  1.02197 -0.22661 -0.53578 -0.72569
1434400654.842 -0.00732 -0.00293  1.02344 -0.23211 -0.53578 -0.72752
1434400654.862 -0.00781 -0.00513  1.02612 -0.23211 -0.53578 -0.72569
1434400654.882 -0.00781  0.00439  1.02246 -0.22844 -0.53761 -0.72844
1434400654.902 -0.00586 -0.00513  1.02271 -0.22752 -0.53303 -0.72844
1434400654.922 -0.00903 -0.00244  1.02393 -0.23028 -0.53486 -0.72752
1434400654.942 -0.00708 -0.00317  1.02734 -0.23211 -0.53945 -0.72477
1434400654.962 -0.00781 -0.00439  1.02393 -0.23119 -0.53761 -0.72110
1434400654.982 -0.00684 -0.00415  1.02466 -0.22844 -0.53394 -0.72569
1434400655.002 -0.00732 -0.00269  1.02344 -0.23028 -0.53486 -0.72661
1434400655.022 -0.00439 -0.00366  1.02588 -0.22936 -0.53394 -0.72752
1434400655.042 -0.00879 -0.00171  1.02637 -0.23303 -0.53853 -0.72477
1434400655.062 -0.00635 -0.00049  1.02393 -0.23211 -0.53853 -0.72661
1434400655.082 -0.00635 -0.00635  1.02271 -0.23028 -0.53670 -0.72661
1434400655.102 -0.00684 -0.00366  1.02417 -0.22936 -0.53303 -0.72294
1434400655.122 -0.00635 -0.00391  1.02173 -0.22569 -0.53670 -0.72752
1434400655.142 -0.00830 -0.00269  1.02148 -0.23028 -0.53670 -0.72294
1434400655.162 -0.00781 -0.00342  1.02319 -0.22844 -0.53578 -0.72661
1434400655.182 -0.00732 -0.00366  1.02393 -0.23211 -0.53394 -0.72294
1434400655.202 -0.00684 -0.00537  1.02441 -0.22844 -0.53394 -0.72752
1434400655.222 -0.00635 -0.00220  1.02417 -0.23119 -0.53303 -0.72569
1434400655.242 -0.00879 -0.00537  1.02246 -0.22936 -0.53761 -0.72477
1434400655.262 -0.00781 -0.00732  1.02075 -0.23119 -0.53670 -0.72752
1434400655.282 -0.01099 -0.00732  1.02588 -0.23028 -0.53578 -0.72477
1434400655.302 -0.00391 -0.00342  1.02100 -0.22936 -0.53761 -0.72752
1434400655.322 -0.00635 -0.00098  1.02612 -0.22936 -0.53670 -0.72661
1434400655.342 -0.00586 -0.00635  1.02075 -0.23119 -0.53670 -0.72385
1434400655.363 -0.00928 -0.00684  1.02393 -0.23119 -0.53670 -0.72661
1434400655.383 -0.00757 -0.00171  1.02539 -0.23119 -0.53303 -0.72477
1434400655.402 -0.00928 -0.00879  1.02759 -0.23119 -0.53670 -0.72661
1434400655.422 -0.00488 -0.00439  1.02173 -0.22844 -0.53486 -0.72294
1434400655.442 -0.00293 -0.00537  1.02222 -0.23028 -0.53761 -0.72569
1434400655.462 -0.00879 -0.00464  1.02051 -0.23028 -0.53761 -0.72477
1434400655.482 -0.00317 -0.00342  1.02051 -0.23119 -0.53394 -0.72661
1434400655.502 -0.00830 -0.00122  1.02441 -0.23028 -0.53670 -0.72569
1434400655.522 -0.00684 -0.00415  1.02344 -0.22661 -0.53303 -0.72569
1434400655.542 -0.00586 -0.00293  1.02490 -0.23211 -0.53945 -0.73028
1434400655.562 -0.00879 -0.00488  1.02588 -0.23028 -0.53761 -0.72661
1434400655.582 -0.00806 -0.00635  1.02539 -0.22936 -0.53578 -0.72202
1434400655.602 -0.00293 -0.00732  1.02466 -0.23211 -0.53578 -0.72661
1434400655.622 -0.00439 -0.00537  1.02441 -0.23119 -0.53670 -0.72477
1434400655.642 -0.00830 -0.00098  1.02295 -0.23119 -0.53670 -0.72385
1434400655.662 -0.01099 -0.00732  1.02490 -0.23119 -0.53761 -0.72202
1434400655.682 -0.00586 -0.00317  1.02368 -0.23028 -0.53670 -0.72477
1434400655.702 -0.00391 -0.00781  1.02393 -0.22936 -0.53486 -0.72477
1434400655.722 -0.01196 -0.00098  1.02490 -0.23028 -0.53303 -0.72477
1434400655.742 -0.00635 -0.00586  1.01904 -0.23119 -0.53853 -0.72385
1434400655.762 -0.00317 -0.00635  1.01880 -0.23211 -0.54037 -0.72569
1434400655.782 -0.00806 -0.00342  1.02173 -0.22936 -0.53578 -0.72844
1434400655.802 -0.00757 -0.00415  1.02441 -0.22844 -0.53853 -0.72844
1434400655.822 -0.00586 -0.00269  1.02612 -0.22936 -0.53486 -0.72569
1434400655.842 -0.00830 -0.00317  1.02271 -0.23211 -0.53945 -0.72752
1434400655.862 -0.00781 -0.00635  1.02319 -0.22936 -0.53853 -0.72202
1434400655.882 -0.00708 -0.00342  1.02271 -0.23211 -0.52844 -0.72569
1434400655.902 -0.00684 -0.00586  1.02100 -0.22844 -0.53486 -0.72936
1434400655.922 -0.00439 -0.00098  1.02539 -0.22936 -0.53761 -0.72752
1434400655.942 -0.00879 -0.00635  1.02393 -0.22844 -0.53670 -0.73119
1434400655.962 -0.00781 -0.00342  1.02271 -0.23119 -0.53486 -0.72569
1434400655.982 -0.00586 -0.00488  1.02393 -0.22936 -0.53486 -0.72752
1434400656.002 -0.00488 -0.00220  1.02222 -0.23028 -0.53394 -0.72936
1434400656.022 -0.00830 -0.00439  1.02148 -0.23211 -0.53670 -0.72844
1434400656.042 -0.00195 -0.00439  1.02246 -0.23303 -0.53486 -0.72569
1434400656.062 -0.00464 -0.00488  1.02075 -0.23028 -0.53670 -0.72752
1434400656.082 -0.00732 -0.00244  1.02393 -0.23211 -0.53670 -0.72385
1434400656.102 -0.00952 -0.00317  1.02173 -0.23119 -0.53486 -0.72661
1434400656.122 -0.00439 -0.00073  1.02539 -0.23211 -0.53761 -0.72569
1434400656.142 -0.00684 -0.00391  1.02490 -0.23119 -0.53761 -0.72661
1434400656.162 -0.00781 -0.00098  1.02222 -0.23119 -0.53486 -0.72661
1434400656.182 -0.00879 -0.00049  1.03027 -0.23303 -0.53578 -0.72385
1434400656.202 -0.00830 -0.00269  1.02271 -0.23211 -0.53578 -0.72477
1434400656.222 -0.00635 -0.00586  1.02417 -0.22936 -0.53486 -0.72752
1434400656.243 -0.00879 -0.00537  1.02515 -0.23119 -0.53670 -0.72661
1434400656.262 -0.00391 -0.00244  1.02441 -0.23211 -0.53853 -0.72294
1434400656.282 -0.00879 -0.00928  1.02393 -0.23028 -0.54312 -0.72477
1434400656.302 -0.00732 -0.00464  1.02368 -0.22936 -0.53578 -0.72569
1434400656.322 -0.00537 -0.00684  1.02490 -0.22844 -0.53578 -0.72385
1434400656.342 -0.00439 -0.00586  1.02246 -0.23119 -0.53670 -0.72661
1434400656.362 -0.00830 -0.00684  1.02295 -0.22936 -0.53853 -0.72569
1434400656.382 -0.00757 -0.00146  1.02148 -0.23028 -0.53670 -0.72477
1434400656.402 -0.00854 -0.00562  1.02686 -0.22844 -0.53394 -0.72661
1434400656.422 -0.00586 -0.00488  1.02002 -0.23211 -0.53670 -0.72661
1434400656.442 -0.00757 -0.00171  1.02441 -0.23211 -0.53670 -0.72569
1434400656.462 -0.00781 -0.00586  1.02686 -0.23303 -0.53761 -0.72569
1434400656.482 -0.00830 -0.00732  1.02124 -0.22752 -0.53670 -0.72661
1434400656.502 -0.00537 -0.00415  1.02686 -0.22844 -0.53394 -0.72752
1434400656.522 -0.00830 -0.00781  1.02197 -0.22936 -0.53578 -0.72294
1434400656.542 -0.00732 -0.00171  1.02295 -0.23119 -0.53578 -0.72385
1434400656.562 -0.00879 -0.00195  1.02661 -0.23303 -0.53578 -0.72477
1434400656.582 -0.00781 -0.00293  1.02393 -0.22936 -0.53761 -0.72385
1434400656.602 -0.00635 -0.00220  1.02344 -0.22844 -0.53670 -0.72569
1434400656.622 -0.00928 -0.00513  1.02271 -0.22936 -0.53578 -0.72844
1434400656.642 -0.00537 -0.00171  1.02271 -0.23211 -0.53670 -0.72477
1434400656.662 -0.00635 -0.00586  1.02661 -0.23119 -0.53853 -0.72385
1434400656.682 -0.00684 -0.00488  1.02246 -0.23028 -0.53394 -0.72385
1434400656.702 -0.00830 -0.00342  1.02441 -0.22844 -0.53853 -0.72569
1434400656.722 -0.00586 -0.00146  1.02246 -0.23028 -0.53303 -0.72752
1434400656.742 -0.00488 -0.00586  1.02295 -0.23028 -0.53578 -0.71835
1434400656.762 -0.00732  0.00073  1.02222 -0.23119 -0.53486 -0.72569
1434400656.782 -0.00781 -0.00317  1.02271 -0.22936 -0.53303 -0.72477
1434400656.802 -0.00977 -0.00635  1.02734 -0.23028 -0.53578 -0.72752
1434400656.822 -0.00439 -0.00098  1.02197 -0.22844 -0.53578 -0.72569
1434400656.842 -0.00488 -0.00732  1.02295 -0.23028 -0.53670 -0.72569
1434400656.862 -0.00757 -0.00073  1.02515 -0.22936 -0.53578 -0.72661
1434400656.882 -0.00439  0.00049  1.02588 -0.23028 -0.53670 -0.72752
1434400656.902 -0.00879 -0.00464  1.02319 -0.22936 -0.53578 -0.72661
1434400656.922 -0.00830 -0.00098  1.02173 -0.23119 -0.53853 -0.72569
1434400656.942 -0.00586 -0.00537  1.02319 -0.23303 -0.53486 -0.72661
1434400656.962 -0.00562 -0.00415  1.02295 -0.23028 -0.53945 -0.72569
1434400656.982 -0.01099 -0.00269  1.02539 -0.22936 -0.53761 -0.72477
1434400657.002 -0.00366 -0.00879  1.02490 -0.23028 -0.53670 -0.72294
1434400657.022 -0.00488 -0.00635  1.02393 -0.23028 -0.53394 -0.72569
1434400657.042 -0.00586 -0.00684  1.02832 -0.23119 -0.53761 -0.72294
1434400657.062 -0.00684 -0.00415  1.02246 -0.22936 -0.53578 -0.72661
1434400657.082 -0.00586 -0.00195  1.02173 -0.22844 -0.53211 -0.72661
1434400657.102 -0.00586 -0.00195  1.02368 -0.23119 -0.53486 -0.72661
1434400657.122 -0.00781 -0.00659  1.02222 -0.22936 -0.53853 -0.72661
1434400657.142 -0.00635 -0.00781  1.02124 -0.23028 -0.53670 -0.72569
1434400657.162 -0.00830 -0.00537  1.02246 -0.23303 -0.53578 -0.72569
1434400657.182 -0.00879 -0.00342  1.02344 -0.22661 -0.53578 -0.72569
1434400657.202 -0.00684 -0.00098  1.02075 -0.22661 -0.53670 -0.72661
1434400657.222 -0.00635 -0.00220  1.02344 -0.23119 -0.53486 -0.72661
1434400657.242 -0.00586 -0.00806  1.02295 -0.23211 -0.53670 -0.72477
1434400657.262 -0.00806 -0.00342  1.02393 -0.23119 -0.53578 -0.72661
1434400657.282 -0.00537 -0.00488  1.02686 -0.22569 -0.53670 -0.72477
1434400657.302 -0.00537 -0.00464  1.02563 -0.23119 -0.53578 -0.72477
1434400657.322 -0.00928 -0.00439  1.02295 -0.22752 -0.53486 -0.72569
1434400657.342 -0.00586 -0.00488  1.02441 -0.23119 -0.53761 -0.72661
1434400657.362 -0.00684 -0.00342  1.02466 -0.23119 -0.53761 -0.72477
1434400657.382 -0.00952 -0.00391  1.02246 -0.23119 -0.53945 -0.72569
1434400657.402 -0.00879 -0.00513  1.02490 -0.22936 -0.53486 -0.72202
1434400657.422 -0.00952 -0.00781  1.02490 -0.22936 -0.53303 -0.72936
1434400657.442 -0.00439 -0.00732  1.02441 -0.23028 -0.53578 -0.72661
1434400657.462 -0.00830 -0.00269  1.02539 -0.22936 -0.53761 -0.72385
1434400657.482 -0.00732 -0.00684  1.02002 -0.23119 -0.53670 -0.72569
1434400657.502 -0.00635 -0.00439  1.02271 -0.22844 -0.53486 -0.72477
1434400657.522 -0.00488 -0.00342  1.02441 -0.22844 -0.53394 -0.72569
1434400657.542 -0.00488 -0.01025  1.02490 -0.23119 -0.53761 -0.72661
1434400657.562 -0.00854 -0.00537  1.02637 -0.23028 -0.53853 -0.72477
1434400657.582 -0.00684 -0.00342  1.02661 -0.22936 -0.53761 -0.72385
1434400657.602 -0.00391 -0.00488  1.02441 -0.23028 -0.53578 -0.72110
1434400657.622 -0.00781 -0.00439  1.02490 -0.22844 -0.53578 -0.72569
1434400657.642 -0.00684 -0.00635  1.01929 -0.23119 -0.53761 -0.72661
1434400657.662 -0.00635 -0.00464  1.02441 -0.23211 -0.53853 -0.72477
1434400657.682 -0.00732 -0.00488  1.02417 -0.23028 -0.53761 -0.72569
1434400657.702 -0.00928 -0.00366  1.02539 -0.22752 -0.53486 -0.72569
1434400657.722 -0.00781 -0.00586  1.02441 -0.23303 -0.53486 -0.72661
1434400657.742 -0.00830 -0.00562  1.02393 -0.23028 -0.53761 -0.72110
1434400657.762 -0.00928 -0.00879  1.02246 -0.23028 -0.53303 -0.72477
1434400657.782 -0.00635 -0.00415  1.02344 -0.23303 -0.53761 -0.72661
1434400657.802 -0.00684 -0.00732  1.02710 -0.23303 -0.53670 -0.72294
1434400657.822 -0.00586 -0.00269  1.02393 -0.23119 -0.53670 -0.72752
1434400657.842 -0.00391 -0.00000  1.02661 -0.23119 -0.53578 -0.72569
1434400657.862 -0.00488 -0.00317  1.02295 -0.23028 -0.53761 -0.72202
1434400657.882 -0.00537 -0.00000  1.02295 -0.23119 -0.53670 -0.72294
1434400657.902 -0.00342 -0.00269  1.02295 -0.23028 -0.53119 -0.72661
1434400657.922 -0.00488 -0.00146  1.02173 -0.22936 -0.53394 -0.72752
1434400657.942 -0.00928 -0.00293  1.02539 -0.23119 -0.53761 -0.72477
1434400657.962 -0.00879 -0.00439  1.02539 -0.23119 -0.53761 -0.72569
1434400657.982 -0.00635 -0.00171  1.02124 -0.22844 -0.53853 -0.72477
1434400658.002 -0.00854 -0.00732  1.02246 -0.22844 -0.53486 -0.72477
1434400658.023 -0.01025 -0.00464  1.02295 -0.23303 -0.53486 -0.72661
1434400658.042 -0.00586 -0.00537  1.02246 -0.23028 -0.53853 -0.72385
1434400658.062 -0.00806 -0.00317  1.02075 -0.23211 -0.53578 -0.72477
1434400658.082 -0.00439 -0.00513  1.02905 -0.23028 -0.53578 -0.72569
1434400658.102 -0.00928 -0.00366  1.02441 -0.22936 -0.53670 -0.72477
1434400658.122 -0.00439 -0.00366  1.02319 -0.23028 -0.53394 -0.72569
1434400658.142 -0.00830 -0.00732  1.02393 -0.23119 -0.53945 -0.72477
1434400658.162 -0.00684 -0.00586  1.02441 -0.23211 -0.53761 -0.72294
1434400658.182 -0.00928 -0.00586  1.02197 -0.23394 -0.53578 -0.72385
1434400658.202 -0.00732 -0.00488  1.02222 -0.22844 -0.53853 -0.72477
1434400658.222 -0.00586 -0.00464  1.02393 -0.22936 -0.53578 -0.72294
1434400658.242 -0.00488 -0.00293  1.02173 -0.23303 -0.53578 -0.72661
1434400658.262 -0.00903 -0.00024  1.02148 -0.23303 -0.54037 -0.72569
1434400658.282 -0.00439 -0.00488  1.02246 -0.22936 -0.53761 -0.72477
1434400658.302 -0.00781 -0.00635  1.02075 -0.22844 -0.53670 -0.72569
1434400658.322 -0.00879 -0.00586  1.02173 -0.23211 -0.53486 -0.72569
1434400658.342 -0.00342 -0.00195  1.02490 -0.23119 -0.53670 -0.72569
1434400658.362 -0.01025 -0.00146  1.02295 -0.23028 -0.53945 -0.72844
1434400658.382 -0.00586 -0.00464  1.02441 -0.23211 -0.53670 -0.72752
1434400658.402 -0.00977 -0.00586  1.02686 -0.22936 -0.53761 -0.72661
1434400658.422 -0.00806 -0.00586  1.02417 -0.22936 -0.53394 -0.72661
1434400658.442 -0.00854 -0.00171  1.02222 -0.22936 -0.53670 -0.72202
1434400658.462 -0.00537 -0.00684  1.02124 -0.23028 -0.53486 -0.72569
1434400658.482 -0.00830 -0.00366  1.02466 -0.23119 -0.53578 -0.72294
1434400658.502 -0.00439 -0.00879  1.02466 -0.23028 -0.53394 -0.72477
1434400658.522 -0.00635 -0.00732  1.02246 -0.22844 -0.53394 -0.72844
1434400658.542 -0.00903 -0.00488  1.02148 -0.23211 -0.53761 -0.72752
1434400658.562 -0.00879 -0.00244  1.02271 -0.23119 -0.53761 -0.72477
1434400658.582 -0.00684 -0.00586  1.02222 -0.22844 -0.53578 -0.72477
1434400658.602 -0.00293 -0.00122  1.02441 -0.22936 -0.53853 -0.72477
1434400658.622 -0.00977  0.00024  1.02295 -0.23028 -0.53670 -0.72569
1434400658.642 -0.00488 -0.00366  1.02637 -0.23119 -0.53578 -0.72477
1434400658.662 -0.00903 -0.00684  1.02124 -0.23028 -0.53761 -0.72569
1434400658.682 -0.00684 -0.00684  1.02271 -0.23303 -0.53670 -0.72385
1434400658.702 -0.00537 -0.00171  1.02271 -0.22936 -0.53394 -0.72661
1434400658.722 -0.00732 -0.00269  1.02563 -0.23394 -0.54404 -0.72661
1434400658.742 -0.00977 -0.00464  1.02344 -0.23028 -0.53486 -0.72385
1434400658.762 -0.00659 -0.00195  1.02344 -0.23028 -0.53945 -0.72477
1434400658.782 -0.00562 -0.00366  1.02441 -0.23119 -0.53578 -0.72385
1434400658.802 -0.00488 -0.00220  1.02588 -0.23028 -0.53670 -0.72477
1434400658.822 -0.00342 -0.00244  1.02344 -0.23303 -0.53578 -0.72661
1434400658.842 -0.00635 -0.00488  1.02197 -0.23119 -0.53394 -0.72569
1434400658.862 -0.00830 -0.00781  1.02124 -0.23119 -0.53486 -0.72477
1434400658.882 -0.00586 -0.00537  1.02124 -0.23119 -0.53670 -0.72752
1434400658.902 -0.00732 -0.00391  1.02393 -0.22936 -0.53119 -0.72752
1434400658.922 -0.00684 -0.00488  1.02441 -0.23028 -0.53578 -0.72569
1434400658.943 -0.00732 -0.00488  1.02441 -0.23303 -0.53670 -0.72385
1434400658.962 -0.00977 -0.00635  1.02246 -0.23211 -0.53394 -0.72385
1434400658.982 -0.00732 -0.00366  1.02637 -0.23028 -0.53394 -0.72569
1434400659.002 -0.00586 -0.00830  1.02344 -0.23211 -0.53211 -0.72477
1434400659.022 -0.00220 -0.00439  1.02539 -0.23119 -0.53394 -0.72477
1434400659.042 -0.00684 -0.00439  1.02295 -0.23211 -0.53670 -0.72477
1434400659.062 -0.00977 -0.00562  1.02148 -0.23578 -0.53761 -0.72569
1434400659.082 -0.00635 -0.00562  1.02246 -0.23119 -0.53761 -0.72385
1434400659.102 -0.00635 -0.00122  1.02295 -0.23119 -0.53486 -0.72477
1434400659.122 -0.00879 -0.00586  1.02368 -0.23119 -0.53853 -0.72661
1434400659.142 -0.00635 -0.00415  1.02393 -0.22936 -0.54037 -0.72661
1434400659.162 -0.00391 -0.00513  1.02173 -0.23211 -0.53761 -0.72477
1434400659.182 -0.00781 -0.00732  1.02222 -0.23119 -0.53578 -0.72202
1434400659.202 -0.01050 -0.00513  1.02539 -0.23028 -0.53394 -0.72844
1434400659.222 -0.00635 -0.00464  1.02661 -0.23211 -0.53486 -0.72752
1434400659.242 -0.00684 -0.00610  1.02344 -0.23303 -0.53761 -0.72294
1434400659.262 -0.00732 -0.00439  1.02686 -0.23486 -0.53945 -0.72477
1434400659.282 -0.00488 -0.00366  1.02441 -0.23119 -0.53670 -0.72569
1434400659.302 -0.00830 -0.00293  1.02319 -0.22844 -0.53394 -0.72661
1434400659.322 -0.00586 -0.00366  1.02319 -0.23028 -0.53394 -0.72752
1434400659.342 -0.00439 -0.00220  1.02783 -0.23211 -0.53761 -0.72294
1434400659.362 -0.00562 -0.00244  1.02686 -0.23394 -0.53578 -0.72477
1434400659.382 -0.01025 -0.00684  1.02295 -0.23394 -0.53945 -0.72110
1434400659.402 -0.00537 -0.00244  1.02441 -0.22936 -0.53761 -0.72752
1434400659.422 -0.00366 -0.00146  1.02393 -0.23211 -0.53394 -0.72752
1434400659.442 -0.00098 -0.00586  1.02539 -0.23211 -0.53394 -0.72477
1434400659.462 -0.00537 -0.00049  1.02344 -0.23303 -0.53853 -0.72385
1434400659.482 -0.00928 -0.00391  1.01929 -0.23119 -0.53486 -0.72477
1434400659.502 -0.00635 -0.00195  1.02295 -0.22936 -0.53761 -0.72752
1434400659.522 -0.00684 -0.00415  1.02490 -0.23303 -0.53578 -0.72569
1434400659.542 -0.00586 -0.00537  1.02441 -0.23303 -0.53578 -0.72569
1434400659.562 -0.00537 -0.00195  1.02197 -0.23211 -0.53578 -0.72661
1434400659.582 -0.00781 -0.00684  1.02222 -0.23028 -0.53578 -0.72385
1434400659.602 -0.00586 -0.00220  1.02393 -0.22936 -0.53761 -0.72661
1434400659.622 -0.00781 -0.00317  1.02344 -0.23211 -0.53853 -0.72385
1434400659.642 -0.00293 -0.00391  1.02490 -0.22844 -0.53761 -0.72569
1434400659.662 -0.00586 -0.00342  1.02393 -0.23303 -0.53853 -0.72294
1434400659.682 -0.00977 -0.00415  1.02295 -0.23028 -0.53578 -0.72661
1434400659.702 -0.00342 -0.00391  1.02417 -0.22844 -0.53578 -0.72385
1434400659.722 -0.01025 -0.00586  1.02588 -0.23303 -0.53578 -0.72661
1434400659.742 -0.00635 -0.00488  1.02734 -0.23211 -0.53761 -0.72385
1434400659.762 -0.00488 -0.00195  1.02271 -0.23486 -0.53578 -0.72477
1434400659.783 -0.00903 -0.00684  1.02197 -0.23028 -0.53670 -0.72661
1434400659.803 -0.00684 -0.00586  1.02222 -0.23119 -0.53486 -0.72661
1434400659.822 -0.00684 -0.00317  1.02344 -0.23028 -0.53578 -0.72385
1434400659.842 -0.00928 -0.00464  1.02246 -0.23303 -0.53853 -0.72110
1434400659.862 -0.00781 -0.00049  1.02393 -0.23211 -0.53670 -0.72569
1434400659.882 -0.00391 -0.00366  1.02271 -0.23303 -0.53394 -0.72385
1434400659.902 -0.00879 -0.00464  1.02100 -0.22936 -0.53670 -0.72477
1434400659.922 -0.00684 -0.00391  1.02197 -0.23211 -0.53578 -0.72569
1434400659.942 -0.00806 -0.00342  1.02441 -0.22844 -0.53853 -0.72294
1434400659.962 -0.00708 -0.00415  1.02393 -0.23394 -0.53670 -0.72477
1434400659.982 -0.00879 -0.00391  1.02246 -0.23028 -0.53578 -0.72569
1434400660.002 -0.00903 -0.00488  1.02466 -0.22936 -0.53761 -0.72569
1434400660.022 -0.00635 -0.00146  1.02246 -0.22844 -0.53578 -0.72661
1434400660.042 -0.00830 -0.00635  1.02637 -0.23119 -0.53670 -0.72477
1434400660.062 -0.00977 -0.00439  1.02661 -0.23211 -0.54037 -0.72477
1434400660.082 -0.00781 -0.00171  1.02490 -0.23211 -0.53578 -0.72752
1434400660.102 -0.00806 -0.00366  1.02295 -0.23211 -0.53853 -0.72569
1434400660.122 -0.00342 -0.00488  1.02295 -0.23028 -0.53486 -0.72752
1434400660.142 -0.00732 -0.00220  1.02344 -0.23303 -0.53670 -0.72661
1434400660.162 -0.00635 -0.00488  1.02710 -0.23394 -0.53670 -0.72202
1434400660.182 -0.00537 -0.00464  1.02075 -0.23211 -0.53578 -0.72385
1434400660.202 -0.00537 -0.00879  1.02124 -0.22936 -0.53394 -0.72844
1434400660.222 -0.00391 -0.00439  1.02881 -0.23028 -0.53578 -0.72844
1434400660.242 -0.00488 -0.00781  1.02490 -0.23303 -0.53578 -0.72661
1434400660.262 -0.01001 -0.00269  1.02734 -0.23119 -0.53486 -0.72294
1434400660.282 -0.00879 -0.00488  1.02222 -0.23211 -0.53670 -0.72569
1434400660.302 -0.00342 -0.00488  1.02246 -0.22936 -0.53486 -0.72110
1434400660.322 -0.00488 -0.00415  1.02051 -0.23119 -0.53303 -0.72385
1434400660.342 -0.00635 -0.00269  1.02197 -0.23028 -0.53945 -0.72569
1434400660.362 -0.00439 -0.00635  1.02197 -0.23119 -0.54037 -0.72385
1434400660.382 -0.00684 -0.00269  1.02393 -0.23211 -0.53945 -0.72202
1434400660.402 -0.00684 -0.00171  1.02368 -0.23211 -0.53486 -0.72477
1434400660.422 -0.00195 -0.00635  1.02222 -0.23211 -0.53303 -0.72385
1434400660.442 -0.00781 -0.00562  1.02051 -0.23119 -0.53670 -0.72569
1434400660.462 -0.00806 -0.00537  1.02393 -0.23028 -0.53945 -0.72385
1434400660.482 -0.00586 -0.00293  1.02295 -0.23211 -0.53486 -0.72477
1434400660.502 -0.00586 -0.00098  1.02222 -0.23119 -0.53486 -0.72018
1434400660.522 -0.00952 -0.00684  1.02441 -0.23028 -0.53578 -0.72477
1434400660.542 -0.00781 -0.00195  1.02173 -0.23028 -0.53394 -0.72385
1434400660.562 -0.00439 -0.00635  1.02393 -0.23394 -0.53578 -0.72661
1434400660.582 -0.00854 -0.00073  1.02539 -0.23119 -0.53486 -0.72477
1434400660.602 -0.01123 -0.00488  1.02271 -0.23211 -0.53670 -0.72661
1434400660.622 -0.00586 -0.00220  1.02588 -0.22752 -0.53303 -0.72844
1434400660.642 -0.01147 -0.00122  1.02173 -0.23211 -0.53945 -0.72569
1434400660.662 -0.00684 -0.00513  1.02490 -0.23303 -0.53761 -0.72385
1434400660.682 -0.00635 -0.00220  1.02393 -0.23119 -0.53670 -0.72294
1434400660.702 -0.00586 -0.00635  1.02393 -0.22936 -0.53578 -0.72661
1434400660.722 -0.00391 -0.00537  1.02344 -0.22936 -0.53670 -0.72661
1434400660.742 -0.00317 -0.00464  1.02539 -0.23303 -0.53394 -0.72477
1434400660.762 -0.00684 -0.00635  1.02197 -0.23211 -0.53578 -0.72385
1434400660.783 -0.00977 -0.00366  1.02271 -0.23303 -0.53486 -0.72477
1434400660.803 -0.00391 -0.00488  1.02246 -0.23028 -0.53394 -0.72569
1434400660.822 -0.00586 -0.00415  1.02197 -0.22844 -0.53578 -0.72569
1434400660.842 -0.00952 -0.00732  1.02075 -0.22936 -0.53853 -0.72385
1434400660.862 -0.01001 -0.00537  1.02441 -0.23486 -0.53853 -0.72477
1434400660.882 -0.00854 -0.00439  1.02295 -0.23394 -0.53486 -0.72385
1434400660.902 -0.00684 -0.00171  1.02344 -0.23119 -0.53486 -0.72569
1434400660.922 -0.00732 -0.00488  1.02344 -0.22936 -0.53578 -0.72569
1434400660.942 -0.00562 -0.00293  1.02271 -0.23028 -0.53486 -0.72844
1434400660.962 -0.00439 -0.00732  1.02734 -0.23303 -0.53486 -0.72661
1434400660.982 -0.00781 -0.00513  1.02588 -0.23119 -0.53670 -0.72477
1434400661.002 -0.00635 -0.00317  1.02686 -0.23211 -0.53578 -0.72569
1434400661.022 -0.00781 -0.00610  1.02441 -0.23119 -0.53578 -0.72569
1434400661.042 -0.00781 -0.00415  1.02441 -0.23211 -0.53761 -0.72569
