1434400936.719 -0.01489  0.99219  0.02246 -0.18440 -0.59174  0.24037
1434400936.739 -0.00220  0.97095  0.02319 -0.18440 -0.59358  0.23945
1434400936.759 -0.00586  0.98584  0.02930 -0.18349 -0.59358  0.24128
1434400936.779 -0.00488  0.97266  0.03125 -0.18349 -0.59266  0.24220
1434400936.799 -0.00293  0.97949  0.02368 -0.18073 -0.59541  0.24128
1434400936.819 -0.00122  0.96289  0.02515 -0.18257 -0.59450  0.24128
1434400936.839 -0.00635  0.98779  0.02222 -0.18165 -0.59358  0.24037
1434400936.859 -0.00586  0.97925  0.02710 -0.18257 -0.59174  0.24128
1434400936.879 -0.00317  0.97168  0.02441 -0.18440 -0.59450  0.24587
1434400936.899 -0.00488  0.97363  0.02393 -0.18349 -0.59174  0.24128
1434400936.919 -0.00513  0.99023  0.02808 -0.18349 -0.59633  0.24220
1434400936.938 -0.00342  0.98169  0.02466 -0.18257 -0.59358  0.23761
1434400936.959 -0.00439  0.98047  0.02490 -0.18257 -0.59541  0.24220
1434400936.979 -0.00537  0.97437  0.01904 -0.18257 -0.59633  0.24128
1434400936.999 -0.00537  0.98145  0.02637 -0.18349 -0.59266  0.24220
1434400937.019 -0.00171  0.98364  0.02686 -0.18349 -0.59358  0.24128
1434400937.039 -0.00439  0.97949  0.02466 -0.18349 -0.59541  0.24312
1434400937.059 -0.00537  0.97852  0.02344 -0.18257 -0.59541  0.24128
1434400937.079 -0.00464  0.98022  0.02393 -0.18257 -0.59358  0.24220
1434400937.099 -0.00244  0.97754  0.02295 -0.18257 -0.59541  0.24220
1434400937.119 -0.00439  0.97974  0.02637 -0.18257 -0.59541  0.24220
1434400937.139 -0.00293  0.97827  0.02417 -0.18349 -0.59541  0.24128
1434400937.159 -0.00073  0.98218  0.02466 -0.18349 -0.59358  0.24128
1434400937.179 -0.00586  0.98267  0.02466 -0.18349 -0.59174  0.24220
1434400937.199 -0.00317  0.97876  0.02612 -0.18165 -0.59358  0.24128
1434400937.219 -0.00220  0.97559  0.02515 -0.18165 -0.59266  0.24128
1434400937.239 -0.00684  0.97949  0.02441 -0.18532 -0.59266  0.24128
1434400937.259 -0.00684  0.97949  0.02393 -0.18165 -0.59450  0.24220
1434400937.278 -0.00488  0.97949  0.02710 -0.18165 -0.59450  0.24128
1434400937.299 -0.00830  0.97803  0.02563 -0.18257 -0.59450  0.23945
1434400937.319 -0.00488  0.98096  0.02612 -0.18440 -0.59450  0.24037
1434400937.339 -0.00439  0.97925  0.02954 -0.18349 -0.59266  0.24037
1434400937.359 -0.00488  0.98218  0.02539 -0.18807 -0.59358  0.24128
1434400937.379 -0.00439  0.97852  0.02637 -0.18349 -0.59358  0.24037
1434400937.399 -0.00537  0.98145  0.02539 -0.18440 -0.59541  0.24037
1434400937.419 -0.00732  0.98169  0.02319 -0.18165 -0.59450  0.24220
1434400937.439 -0.00391  0.98145  0.02515 -0.18349 -0.59450  0.23945
1434400937.459 -0.00586  0.97949  0.02466 -0.18165 -0.59266  0.24312
1434400937.479 -0.00391  0.98096  0.02710 -0.18349 -0.59450  0.24037
1434400937.499 -0.00293  0.97925  0.02563 -0.18440 -0.59358  0.24128
1434400937.519 -0.00537  0.97949  0.02441 -0.18440 -0.59266  0.24312
1434400937.539 -0.00586  0.98120  0.02466 -0.18257 -0.59174  0.23945
1434400937.559 -0.00488  0.97949  0.02368 -0.18532 -0.59541  0.24128
1434400937.579 -0.00293  0.97827  0.02490 -0.18349 -0.59358  0.24128
1434400937.599 -0.00806  0.97852  0.02222 -0.18257 -0.59450  0.23761
1434400937.619 -0.00708  0.98364  0.02246 -0.18257 -0.59174  0.24128
1434400937.639 -0.00342  0.97900  0.02344 -0.18532 -0.58991  0.24312
1434400937.659 -0.00342  0.98047  0.02319 -0.18165 -0.59358  0.24037
1434400937.679 -0.00391  0.97827  0.02246 -0.18165 -0.59541  0.24220
1434400937.699 -0.00488  0.97949  0.02686 -0.18165 -0.59541  0.24128
1434400937.719 -0.00684  0.97852  0.02051 -0.18349 -0.59083  0.24220
1434400937.739 -0.00488  0.98267  0.02539 -0.18440 -0.59358  0.24128
1434400937.759 -0.00635  0.98047  0.02710 -0.18257 -0.59358  0.24220
1434400937.779 -0.00317  0.97559  0.02637 -0.18349 -0.59358  0.24037
1434400937.799 -0.00171  0.97363  0.02563 -0.18624 -0.59358  0.24220
1434400937.818 -0.00171  0.97852  0.02515 -0.18532 -0.59450  0.24037
1434400937.838 -0.00586  0.98096  0.02759 -0.18257 -0.59450  0.24037
1434400937.858 -0.00488  0.97852  0.02051 -0.18165 -0.59633  0.24312
1434400937.879 -0.00903  0.98096  0.02466 -0.18073 -0.59725  0.24312
1434400937.898 -0.00293  0.97974  0.02905 -0.18165 -0.59266  0.24220
1434400937.918 -0.00439  0.98340  0.02441 -0.18073 -0.59358  0.24220
1434400937.938 -0.00391  0.97681  0.02759 -0.18073 -0.59817  0.24220
1434400937.958 -0.00586  0.97998  0.02173 -0.18440 -0.59358  0.23761
1434400937.978 -0.00073  0.98242  0.02783 -0.18440 -0.59358  0.24128
1434400937.998 -0.00146  0.97803  0.02148 -0.18165 -0.59450  0.24220
1434400938.019 -0.00342  0.97656  0.02637 -0.18349 -0.59541  0.23945
1434400938.039 -0.00781  0.97900  0.02441 -0.18165 -0.59358  0.24128
1434400938.058 -0.00537  0.97925  0.02319 -0.18257 -0.59266  0.24037
1434400938.079 -0.00269  0.97559  0.02686 -0.18624 -0.59450  0.24220
1434400938.099 -0.00293  0.97827  0.02905 -0.18257 -0.59633  0.24128
1434400938.119 -0.00781  0.97827  0.02490 -0.18349 -0.59450  0.24037
1434400938.139 -0.00366  0.97876  0.02319 -0.18257 -0.59633  0.24220
1434400938.159 -0.00684  0.98462  0.02441 -0.18073 -0.59266  0.24128
1434400938.179 -0.00635  0.97461  0.02588 -0.18257 -0.59174  0.24220
1434400938.199 -0.00366  0.97827  0.02417 -0.18257 -0.59358  0.23945
1434400938.218 -0.00537  0.98242  0.02783 -0.17890 -0.59450  0.23945
1434400938.239 -0.00854  0.98120  0.02832 -0.18257 -0.59266  0.24220
1434400938.259 -0.00391  0.98096  0.02490 -0.18165 -0.59541  0.24220
1434400938.279 -0.00684  0.97876  0.02930 -0.18165 -0.59266  0.24312
1434400938.299 -0.00732  0.97974  0.02856 -0.18349 -0.59633  0.24128
1434400938.319 -0.00439  0.97827  0.02759 -0.18165 -0.59450  0.24220
1434400938.339 -0.00146  0.97559  0.02271 -0.18257 -0.59358  0.23761
1434400938.358 -0.00732  0.97461  0.02588 -0.18073 -0.59541  0.24312
1434400938.379 -0.01221  0.97827  0.02515 -0.18532 -0.59358  0.24220
1434400938.398 -0.00781  0.98267  0.02441 -0.18257 -0.59358  0.24220
1434400938.419 -0.00195  0.97534  0.02661 -0.17798 -0.59541  0.24128
1434400938.439 -0.00366  0.97876  0.02368 -0.18349 -0.59358  0.24220
1434400938.459 -0.00537  0.97681  0.02466 -0.18073 -0.59541  0.24220
1434400938.479 -0.00635  0.97607  0.02539 -0.18349 -0.59358  0.24128
1434400938.499 -0.00513  0.98047  0.02759 -0.18440 -0.59358  0.24220
1434400938.518 -0.00952  0.98047  0.02661 -0.18073 -0.59633  0.24128
1434400938.539 -0.00830  0.97925  0.02515 -0.18349 -0.59358  0.23945
1434400938.559 -0.01074  0.97998  0.02637 -0.18165 -0.59450  0.24037
1434400938.578 -0.01074  0.97925  0.02856 -0.17982 -0.59450  0.24128
1434400938.598 -0.00073  0.98047  0.02563 -0.18349 -0.59450  0.24037
1434400938.618 -0.01440  0.97266  0.02490 -0.18165 -0.59266  0.24128
1434400938.639 -0.00732  0.98413  0.02051 -0.17982 -0.59358  0.24128
1434400938.659 -0.00830  0.97998  0.03027 -0.18257 -0.59633  0.24220
1434400938.679 -0.00684  0.97998  0.02441 -0.18073 -0.59358  0.24128
1434400938.699 -0.00244  0.97168  0.02246 -0.18257 -0.59358  0.24312
1434400938.719 -0.00146  0.97266  0.02612 -0.18165 -0.59725  0.23945
1434400938.739 -0.01245  0.98096  0.02783 -0.18624 -0.59450  0.24037
1434400938.759 -0.00781  0.97852  0.02417 -0.18073 -0.59541  0.24404
1434400938.779 -0.00708  0.97192  0.02881 -0.18165 -0.59266  0.24220
1434400938.799 -0.01099  0.98633  0.02905 -0.17982 -0.59358  0.24128
1434400938.819 -0.00464  0.97681  0.02295 -0.18165 -0.59358  0.23761
1434400938.839 -0.01318  0.97754  0.02710 -0.18165 -0.59541  0.24037
1434400938.859 -0.01147  0.97827  0.02734 -0.17982 -0.59633  0.23853
1434400938.879 -0.00928  0.97876  0.02881 -0.17798 -0.59450  0.24312
1434400938.899 -0.00903  0.97852  0.02271 -0.18073 -0.59633  0.24037
1434400938.919 -0.01001  0.98096  0.02563 -0.18165 -0.59083  0.24037
1434400938.939 -0.01318  0.97949  0.02759 -0.17982 -0.59174  0.24312
1434400938.959 -0.00952  0.97754  0.02979 -0.17982 -0.59633  0.24128
1434400938.979 -0.00830  0.97510  0.02295 -0.18532 -0.59541  0.24128
1434400938.999 -0.01392  0.97778  0.02686 -0.18165 -0.59266  0.24128
1434400939.019 -0.01318  0.97900  0.02588 -0.18165 -0.59541  0.24128
1434400939.039 -0.00977  0.97437  0.02515 -0.17982 -0.59174  0.24128
1434400939.059 -0.00854  0.97974  0.02808 -0.17982 -0.59450  0.24128
1434400939.079 -0.01025  0.97656  0.02222 -0.17890 -0.59450  0.24037
1434400939.099 -0.00903  0.98193  0.02417 -0.17982 -0.59450  0.23945
1434400939.119 -0.01245  0.97559  0.02466 -0.18257 -0.59450  0.23945
1434400939.139 -0.00635  0.97876  0.02563 -0.18349 -0.59450  0.24128
1434400939.159 -0.00977  0.97583  0.02539 -0.18257 -0.59266  0.24037
1434400939.179 -0.01270  0.97607  0.02368 -0.18073 -0.59358  0.24037
1434400939.199 -0.00830  0.97729  0.02466 -0.18073 -0.59541  0.24220
1434400939.219 -0.00928  0.98413  0.03027 -0.17982 -0.59725  0.24220
1434400939.239 -0.01074  0.98071  0.02222 -0.18257 -0.59358  0.24128
1434400939.259 -0.01489  0.97705  0.02466 -0.17982 -0.59174  0.24128
1434400939.279 -0.00879  0.97412  0.02417 -0.18257 -0.59541  0.24128
1434400939.299 -0.01099  0.97778  0.02856 -0.18073 -0.59358  0.24128
1434400939.319 -0.00952  0.98364  0.02344 -0.17706 -0.59358  0.24128
1434400939.339 -0.01025  0.98022  0.02661 -0.17982 -0.59633  0.24128
1434400939.359 -0.00781  0.97266  0.02368 -0.18165 -0.59450  0.23945
1434400939.379 -0.00757  0.97681  0.02612 -0.17982 -0.59266  0.24312
1434400939.398 -0.00903  0.97876  0.02515 -0.18257 -0.59174  0.24037
1434400939.419 -0.00732  0.97729  0.02710 -0.18165 -0.59450  0.24220
1434400939.439 -0.01147  0.98145  0.02441 -0.18073 -0.59266  0.24128
1434400939.459 -0.00635  0.98584  0.02417 -0.18073 -0.59541  0.24220
1434400939.479 -0.00928  0.97412  0.02539 -0.18257 -0.59450  0.24037
1434400939.499 -0.00952  0.98218  0.02710 -0.18257 -0.59450  0.24128
1434400939.519 -0.01025  0.97876  0.02393 -0.18073 -0.59358  0.24220
1434400939.539 -0.01416  0.97656  0.02319 -0.18257 -0.59450  0.23945
1434400939.559 -0.00684  0.97412  0.02734 -0.17982 -0.59174  0.23853
1434400939.579 -0.00830  0.98071  0.02246 -0.18073 -0.59358  0.24128
1434400939.598 -0.01123  0.97339  0.02319 -0.18165 -0.59358  0.24037
1434400939.618 -0.00977  0.97998  0.02515 -0.18165 -0.59450  0.24220
1434400939.639 -0.00781  0.97559  0.02759 -0.17982 -0.59358  0.24037
1434400939.659 -0.01147  0.97998  0.02441 -0.17890 -0.59633  0.24312
1434400939.679 -0.00635  0.97974  0.02832 -0.18165 -0.59541  0.24128
1434400939.699 -0.00635  0.98047  0.02417 -0.18073 -0.59450  0.23945
1434400939.719 -0.01123  0.97607  0.02612 -0.17798 -0.59358  0.24220
1434400939.739 -0.01172  0.98096  0.02490 -0.17890 -0.59174  0.24404
1434400939.759 -0.01001  0.98193  0.02368 -0.17982 -0.59450  0.24312
1434400939.779 -0.01270  0.97900  0.02686 -0.17890 -0.59450  0.24220
1434400939.799 -0.00952  0.97681  0.02808 -0.18073 -0.59358  0.24128
1434400939.819 -0.01099  0.97412  0.02466 -0.18073 -0.59358  0.24128
1434400939.839 -0.00977  0.97705  0.02515 -0.17982 -0.59266  0.24312
1434400939.859 -0.00684  0.98584  0.02612 -0.17890 -0.59266  0.24128
1434400939.879 -0.01318  0.98193  0.02173 -0.18073 -0.59266  0.24220
1434400939.899 -0.00732  0.97900  0.02759 -0.17706 -0.59358  0.24220
1434400939.919 -0.01343  0.97900  0.02295 -0.18073 -0.59266  0.24128
1434400939.939 -0.01099  0.97461  0.02344 -0.17982 -0.59725  0.24312
1434400939.959 -0.01270  0.98145  0.02661 -0.18073 -0.59174  0.24037
1434400939.979 -0.00708  0.98096  0.02539 -0.18257 -0.59450  0.24220
1434400939.999 -0.00977  0.97559  0.02612 -0.18073 -0.59450  0.24220
1434400940.018 -0.01147  0.97778  0.02271 -0.17982 -0.59358  0.24128
1434400940.038 -0.01465  0.97656  0.02319 -0.17982 -0.59450  0.24128
1434400940.059 -0.00928  0.97656  0.02368 -0.17890 -0.59358  0.24220
1434400940.079 -0.00879  0.97656  0.02710 -0.17890 -0.59450  0.24220
1434400940.099 -0.00854  0.97876  0.01855 -0.17982 -0.59266  0.23945
1434400940.118 -0.01245  0.97656  0.02173 -0.17982 -0.59358  0.24312
1434400940.139 -0.01123  0.97559  0.02588 -0.17798 -0.59266  0.24037
1434400940.159 -0.00732  0.97729  0.02393 -0.18073 -0.59541  0.23945
1434400940.179 -0.01318  0.98047  0.01953 -0.17982 -0.59450  0.24037
1434400940.199 -0.01392  0.97925  0.02710 -0.18073 -0.59174  0.24220
1434400940.218 -0.01050  0.97705  0.02466 -0.17982 -0.59083  0.24220
1434400940.239 -0.01245  0.97412  0.02808 -0.18073 -0.59633  0.24037
1434400940.259 -0.00977  0.97827  0.02393 -0.17982 -0.59450  0.24312
1434400940.279 -0.00952  0.97778  0.02417 -0.18073 -0.59083  0.24128
1434400940.299 -0.01343  0.98047  0.02710 -0.17982 -0.59358  0.24128
1434400940.319 -0.00781  0.97852  0.02271 -0.18165 -0.59358  0.23945
1434400940.339 -0.01147  0.98096  0.03003 -0.18073 -0.59450  0.24220
1434400940.359 -0.00977  0.97900  0.02734 -0.17890 -0.59174  0.24220
1434400940.379 -0.01123  0.98315  0.02466 -0.18073 -0.59541  0.24220
1434400940.399 -0.01099  0.97974  0.02490 -0.18073 -0.59358  0.24312
1434400940.419 -0.01025  0.97876  0.02881 -0.17798 -0.59358  0.24220
1434400940.439 -0.01025  0.97827  0.02563 -0.17982 -0.59358  0.24037
1434400940.459 -0.01147  0.97852  0.02319 -0.17982 -0.59358  0.24128
1434400940.479 -0.01245  0.98389  0.02441 -0.18165 -0.59266  0.24220
1434400940.499 -0.00830  0.98169  0.02344 -0.17798 -0.59450  0.24037
1434400940.519 -0.01221  0.97876  0.02539 -0.17982 -0.59358  0.23945
1434400940.539 -0.01172  0.97876  0.02563 -0.17982 -0.59541  0.24128
1434400940.559 -0.00854  0.98022  0.02783 -0.18165 -0.59266  0.24312
1434400940.579 -0.00635  0.97827  0.02563 -0.18073 -0.59266  0.24128
1434400940.599 -0.01074  0.97900  0.02686 -0.18073 -0.59266  0.23945
1434400940.619 -0.01221  0.98145  0.02344 -0.18073 -0.59358  0.24128
1434400940.639 -0.01025  0.98120  0.02490 -0.18073 -0.59266  0.24128
1434400940.659 -0.00732  0.97705  0.03125 -0.17982 -0.59450  0.24587
1434400940.679 -0.00757  0.97900  0.02759 -0.17982 -0.59174  0.24587
1434400940.699 -0.00537  0.97827  0.02539 -0.18165 -0.59633  0.24312
1434400940.718 -0.00977  0.98242  0.02490 -0.17982 -0.59174  0.24128
1434400940.739 -0.00952  0.97827  0.02271 -0.17982 -0.59541  0.24037
1434400940.759 -0.00781  0.97729  0.02490 -0.17982 -0.59358  0.24037
1434400940.779 -0.00635  0.97803  0.02197 -0.18073 -0.59541  0.24404
1434400940.799 -0.00903  0.97705  0.02344 -0.17982 -0.59358  0.24128
1434400940.819 -0.00879  0.98267  0.02417 -0.18165 -0.59450  0.24037
1434400940.839 -0.01196  0.97827  0.02417 -0.18165 -0.59083  0.24037
1434400940.859 -0.00879  0.97607  0.02563 -0.17982 -0.59541  0.24128
1434400940.879 -0.01025  0.98267  0.02246 -0.18165 -0.59174  0.24128
1434400940.899 -0.01074  0.98047  0.02588 -0.17982 -0.59358  0.24128
1434400940.919 -0.00952  0.97559  0.02100 -0.17982 -0.59725  0.24037
1434400940.939 -0.01147  0.98071  0.02905 -0.17798 -0.59541  0.23945
1434400940.959 -0.00732  0.98120  0.02319 -0.18073 -0.59725  0.24312
1434400940.979 -0.01050  0.97974  0.02686 -0.17890 -0.59174  0.24128
1434400940.998 -0.00781  0.97900  0.02539 -0.18165 -0.59266  0.24312
1434400941.019 -0.00879  0.97754  0.02759 -0.17982 -0.59266  0.24128
1434400941.039 -0.01001  0.98267  0.02441 -0.17982 -0.59450  0.24404
1434400941.059 -0.01172  0.97974  0.02515 -0.18165 -0.59174  0.24128
1434400941.079 -0.01025  0.97900  0.02539 -0.17982 -0.59450  0.24037
1434400941.099 -0.00879  0.98096  0.02319 -0.18073 -0.59358  0.24220
1434400941.119 -0.01147  0.97705  0.02466 -0.17982 -0.59541  0.24220
1434400941.139 -0.01318  0.97852  0.02661 -0.18073 -0.58807  0.24128
1434400941.159 -0.00806  0.97827  0.02466 -0.18257 -0.59541  0.24404
1434400941.179 -0.00635  0.97656  0.02466 -0.17890 -0.59266  0.24404
1434400941.199 -0.00903  0.97998  0.02759 -0.17890 -0.59450  0.24220
1434400941.219 -0.01050  0.97852  0.02710 -0.18257 -0.59266  0.24404
1434400941.239 -0.00586  0.98047  0.02612 -0.18073 -0.59266  0.24312
1434400941.259 -0.01245  0.97949  0.02808 -0.17890 -0.59358  0.24312
1434400941.279 -0.01001  0.97925  0.02295 -0.17982 -0.59174  0.24128
1434400941.299 -0.01172  0.97754  0.02563 -0.18073 -0.59174  0.24220
1434400941.318 -0.00781  0.97778  0.02417 -0.17982 -0.59174  0.24037
1434400941.339 -0.00366  0.97705  0.02686 -0.18073 -0.59450  0.24220
1434400941.359 -0.00928  0.97852  0.02563 -0.17890 -0.59358  0.24037
1434400941.379 -0.00977  0.98096  0.02539 -0.18165 -0.59633  0.24037
1434400941.399 -0.01270  0.97852  0.02808 -0.17982 -0.59633  0.24128
1434400941.419 -0.00830  0.97510  0.02661 -0.18257 -0.59266  0.24037
1434400941.439 -0.00830  0.97656  0.02441 -0.18073 -0.59450  0.23945
1434400941.459 -0.01147  0.97803  0.02319 -0.18165 -0.59174  0.24128
1434400941.479 -0.00903  0.97827  0.02368 -0.18165 -0.59541  0.24220
1434400941.499 -0.01367  0.97998  0.02710 -0.17890 -0.59174  0.24404
1434400941.519 -0.01270  0.98291  0.02368 -0.18165 -0.59541  0.24037
1434400941.538 -0.01074  0.98218  0.02222 -0.17890 -0.59450  0.24128
1434400941.558 -0.01221  0.97314  0.02637 -0.18073 -0.59358  0.24037
1434400941.579 -0.00684  0.97803  0.02563 -0.17982 -0.59266  0.24128
1434400941.599 -0.00854  0.98120  0.02344 -0.17890 -0.59266  0.24312
1434400941.619 -0.01270  0.97803  0.02466 -0.17890 -0.59266  0.24312
1434400941.639 -0.01050  0.97656  0.02344 -0.17982 -0.59358  0.24220
1434400941.659 -0.01196  0.97925  0.02661 -0.17890 -0.59450  0.24312
1434400941.679 -0.00977  0.97974  0.02515 -0.17523 -0.59633  0.24037
1434400941.699 -0.00781  0.97632  0.02710 -0.17890 -0.59633  0.24037
1434400941.719 -0.00732  0.97778  0.02637 -0.18165 -0.59174  0.24037
1434400941.739 -0.01172  0.97925  0.02710 -0.17982 -0.59358  0.24312
1434400941.759 -0.01514  0.97729  0.02417 -0.18073 -0.59633  0.24037
1434400941.779 -0.01001  0.97974  0.02368 -0.18257 -0.59450  0.24220
1434400941.799 -0.01050  0.98242  0.02759 -0.18073 -0.59358  0.24037
1434400941.819 -0.00806  0.97510  0.02979 -0.18440 -0.59633  0.24128
1434400941.839 -0.01294  0.97705  0.02368 -0.18165 -0.59266  0.24128
1434400941.859 -0.01050  0.96973  0.02197 -0.18349 -0.59358  0.24312
1434400941.879 -0.00977  0.98096  0.02441 -0.18165 -0.59450  0.24312
1434400941.899 -0.01294  0.98413  0.01953 -0.17890 -0.59266  0.24128
1434400941.919 -0.00928  0.97729  0.02515 -0.17982 -0.59725  0.24220
1434400941.939 -0.01270  0.97705  0.02441 -0.18165 -0.59450  0.23945
1434400941.959 -0.00977  0.97974  0.02319 -0.18165 -0.59083  0.24220
1434400941.979 -0.00977  0.97705  0.02490 -0.18165 -0.59633  0.24312
1434400941.999 -0.01050  0.97607  0.02417 -0.17982 -0.59541  0.24404
1434400942.019 -0.01367  0.97900  0.02759 -0.17982 -0.59541  0.23945
1434400942.039 -0.01221  0.97900  0.02417 -0.18165 -0.59541  0.23945
1434400942.059 -0.01147  0.98096  0.02832 -0.17890 -0.59633  0.24220
1434400942.079 -0.00830  0.98389  0.02734 -0.18349 -0.59450  0.23945
1434400942.099 -0.01025  0.97852  0.02368 -0.18165 -0.59174  0.24128
1434400942.119 -0.00757  0.97559  0.02563 -0.18165 -0.59450  0.24128
1434400942.139 -0.01099  0.97949  0.02710 -0.17798 -0.59450  0.24037
1434400942.159 -0.00732  0.98022  0.02661 -0.17982 -0.59358  0.24312
1434400942.179 -0.00928  0.98047  0.02612 -0.17890 -0.59266  0.24495
1434400942.199 -0.01050  0.98169  0.02930 -0.17890 -0.59633  0.24037
1434400942.219 -0.01245  0.97607  0.02222 -0.18165 -0.59450  0.24220
1434400942.239 -0.00781  0.97266  0.02368 -0.17798 -0.59266  0.24312
1434400942.259 -0.01025  0.98071  0.02222 -0.17890 -0.59266  0.24404
1434400942.279 -0.01147  0.98169  0.02612 -0.18073 -0.59358  0.24128
1434400942.299 -0.01440  0.97974  0.02417 -0.17798 -0.59450  0.24128
1434400942.319 -0.00977  0.98047  0.02637 -0.18257 -0.59266  0.24220
1434400942.339 -0.01172  0.98218  0.02417 -0.18073 -0.59450  0.24312
1434400942.359 -0.01245  0.97656  0.02344 -0.18165 -0.59266  0.24312
1434400942.379 -0.01050  0.97876  0.02539 -0.18073 -0.59725  0.23945
1434400942.399 -0.01489  0.97559  0.02271 -0.18073 -0.59358  0.24037
1434400942.419 -0.01367  0.98120  0.02856 -0.17798 -0.59174  0.24128
1434400942.439 -0.01001  0.97876  0.02588 -0.18073 -0.59633  0.24312
1434400942.459 -0.01221  0.98193  0.02539 -0.17982 -0.59450  0.24312
1434400942.479 -0.01001  0.98633  0.02881 -0.17890 -0.59541  0.24404
1434400942.499 -0.01123  0.97559  0.02710 -0.17798 -0.59358  0.24220
1434400942.519 -0.00830  0.97925  0.02441 -0.17890 -0.59541  0.24220
1434400942.539 -0.01025  0.98169  0.02466 -0.17706 -0.59358  0.24128
1434400942.559 -0.01001  0.97876  0.02466 -0.18257 -0.59358  0.23945
1434400942.579 -0.00879  0.97607  0.02612 -0.17982 -0.59174  0.24220
1434400942.599 -0.00879  0.97803  0.02490 -0.17890 -0.59358  0.24128
1434400942.619 -0.01001  0.97681  0.02759 -0.17890 -0.59358  0.24128
1434400942.639 -0.00952  0.97876  0.02539 -0.18073 -0.59358  0.24128
1434400942.659 -0.01221  0.97485  0.02661 -0.18165 -0.59450  0.23945
1434400942.679 -0.01025  0.97998  0.02515 -0.17982 -0.59450  0.24312
1434400942.699 -0.01245  0.97778  0.02441 -0.18073 -0.59358  0.24128
1434400942.719 -0.01074  0.97559  0.02832 -0.17982 -0.59358  0.24037
1434400942.739 -0.00806  0.97729  0.02539 -0.18165 -0.59450  0.24220
1434400942.759 -0.01367  0.97827  0.02661 -0.18073 -0.59541  0.24128
1434400942.779 -0.01172  0.97827  0.02417 -0.17982 -0.59174  0.24220
1434400942.799 -0.00977  0.98145  0.03076 -0.18073 -0.59450  0.24128
1434400942.818 -0.00830  0.97876  0.02441 -0.17890 -0.59541  0.24128
1434400942.839 -0.01099  0.97998  0.02710 -0.17890 -0.59358  0.24312
1434400942.859 -0.01392  0.98242  0.02490 -0.17890 -0.59083  0.24220
1434400942.879 -0.00781  0.98462  0.02222 -0.18073 -0.59450  0.24128
1434400942.899 -0.01611  0.98096  0.02808 -0.17982 -0.59266  0.24037
1434400942.919 -0.00977  0.97998  0.02490 -0.17706 -0.59541  0.24220
1434400942.939 -0.00537  0.97681  0.02417 -0.18349 -0.59450  0.23945
1434400942.959 -0.01099  0.96509  0.02808 -0.17982 -0.59450  0.24312
1434400942.979 -0.00879  0.97949  0.02515 -0.17798 -0.59358  0.24037
1434400942.999 -0.01074  0.97900  0.02710 -0.18165 -0.59083  0.24037
1434400943.019 -0.01025  0.97754  0.02612 -0.18073 -0.59450  0.24128
1434400943.039 -0.01123  0.98193  0.02490 -0.17890 -0.59541  0.24404
1434400943.059 -0.01270  0.97778  0.02124 -0.17798 -0.59450  0.24128
1434400943.079 -0.00610  0.98145  0.02881 -0.18165 -0.59358  0.24312
1434400943.099 -0.00586  0.98071  0.02637 -0.18165 -0.59358  0.24404
1434400943.119 -0.01294  0.98071  0.02661 -0.17982 -0.59450  0.24220
1434400943.139 -0.01074  0.97754  0.02637 -0.17982 -0.59358  0.24312
1434400943.159 -0.01050  0.97998  0.02539 -0.17890 -0.59358  0.24220
1434400943.179 -0.01123  0.97632  0.02808 -0.18073 -0.59266  0.23945
1434400943.199 -0.00635  0.97632  0.02222 -0.18257 -0.59450  0.24037
1434400943.219 -0.00977  0.97705  0.02563 -0.17982 -0.59633  0.24037
1434400943.238 -0.00977  0.98486  0.02466 -0.18073 -0.59450  0.24128
1434400943.259 -0.00781  0.98218  0.02539 -0.18165 -0.59266  0.24128
1434400943.279 -0.00732  0.97705  0.02417 -0.18073 -0.59633  0.23853
1434400943.299 -0.01221  0.97656  0.02490 -0.17890 -0.59633  0.24312
1434400943.319 -0.01025  0.98169  0.02710 -0.17798 -0.59266  0.24312
1434400943.339 -0.01001  0.97852  0.02588 -0.18349 -0.59450  0.24128
1434400943.359 -0.01196  0.97607  0.02637 -0.17982 -0.59450  0.24220
1434400943.379 -0.01245  0.97900  0.02637 -0.18073 -0.59358  0.23945
1434400943.398 -0.01440  0.98218  0.02539 -0.18073 -0.59358  0.24037
1434400943.419 -0.01172  0.98120  0.02271 -0.18073 -0.59450  0.24128
1434400943.438 -0.01123  0.97729  0.02808 -0.17982 -0.59266  0.24495
1434400943.458 -0.01123  0.97412  0.02710 -0.18440 -0.59266  0.24128
1434400943.478 -0.01270  0.98096  0.02637 -0.18073 -0.59541  0.24037
1434400943.499 -0.01099  0.98022  0.02148 -0.18073 -0.59358  0.24128
1434400943.519 -0.01099  0.97778  0.02710 -0.17890 -0.59358  0.23945
1434400943.538 -0.00537  0.97510  0.02563 -0.18257 -0.59541  0.24404
1434400943.558 -0.01074  0.98096  0.02661 -0.18165 -0.59450  0.24220
1434400943.578 -0.01416  0.97827  0.02368 -0.17982 -0.59266  0.24587
1434400943.598 -0.01270  0.97974  0.02539 -0.17798 -0.59358  0.24312
1434400943.619 -0.00879  0.97388  0.02637 -0.17982 -0.59450  0.24220
1434400943.639 -0.00977  0.97900  0.02783 -0.18073 -0.59817  0.23945
1434400943.658 -0.00732  0.98096  0.02588 -0.17890 -0.59358  0.24128
1434400943.678 -0.00732  0.97705  0.02173 -0.17890 -0.59725  0.24128
1434400943.698 -0.00610  0.97827  0.02832 -0.18257 -0.59358  0.24037
1434400943.718 -0.01147  0.97827  0.02661 -0.17798 -0.59266  0.23945
1434400943.739 -0.00928  0.97632  0.02490 -0.18165 -0.59450  0.24037
1434400943.759 -0.01343  0.97656  0.02246 -0.17798 -0.59358  0.24128
1434400943.779 -0.01343  0.97778  0.02710 -0.17890 -0.59541  0.24037
1434400943.798 -0.00830  0.97925  0.02490 -0.17982 -0.59633  0.24128
1434400943.818 -0.01050  0.98096  0.02612 -0.17982 -0.59633  0.24037
1434400943.838 -0.01221  0.97852  0.03027 -0.17982 -0.59174  0.24128
1434400943.858 -0.00928  0.97974  0.02173 -0.17890 -0.59633  0.24037
1434400943.879 -0.01147  0.97949  0.02612 -0.17890 -0.59450  0.24128
1434400943.898 -0.00684  0.98047  0.02368 -0.18073 -0.59817  0.23945
1434400943.919 -0.01343  0.97900  0.02295 -0.17982 -0.59450  0.24037
1434400943.938 -0.00928  0.97998  0.02588 -0.17798 -0.59358  0.24128
1434400943.958 -0.01562  0.98267  0.02515 -0.17982 -0.59266  0.24128
1434400943.978 -0.01270  0.97607  0.02368 -0.18073 -0.59450  0.23945
1434400943.999 -0.01147  0.97900  0.02710 -0.17982 -0.59450  0.24128
1434400944.019 -0.01099  0.97876  0.02783 -0.17982 -0.59541  0.23853
1434400944.039 -0.00781  0.97852  0.02588 -0.17982 -0.59633  0.24312
1434400944.059 -0.01172  0.98242  0.02759 -0.17982 -0.59541  0.24404
1434400944.079 -0.00684  0.97827  0.02661 -0.17615 -0.59358  0.24220
1434400944.099 -0.01245  0.97998  0.02612 -0.18073 -0.59358  0.24312
1434400944.119 -0.01318  0.97412  0.02612 -0.18257 -0.59266  0.23945
1434400944.139 -0.00781  0.97827  0.02661 -0.17982 -0.59358  0.24128
1434400944.159 -0.01318  0.97925  0.02734 -0.18073 -0.59174  0.24312
1434400944.179 -0.01099  0.97852  0.02710 -0.18165 -0.59450  0.24037
1434400944.199 -0.01147  0.98096  0.02417 -0.18165 -0.59174  0.24312
1434400944.219 -0.00903  0.98047  0.02588 -0.17890 -0.59358  0.24037
1434400944.239 -0.01245  0.98145  0.02930 -0.18073 -0.59266  0.24037
1434400944.259 -0.01514  0.98120  0.02368 -0.17982 -0.59633  0.24220
1434400944.279 -0.00928  0.97974  0.02368 -0.17890 -0.59358  0.24128
1434400944.299 -0.01416  0.97998  0.02686 -0.17890 -0.59083  0.24312
1434400944.319 -0.00781  0.97900  0.02759 -0.17615 -0.59266  0.24128
1434400944.339 -0.01147  0.98193  0.02490 -0.17890 -0.59358  0.24128
1434400944.359 -0.01343  0.97705  0.02759 -0.18165 -0.59358  0.24404
1434400944.379 -0.01001  0.97754  0.02466 -0.18073 -0.59358  0.24037
1434400944.398 -0.01001  0.97705  0.02686 -0.18349 -0.59358  0.24312
1434400944.418 -0.01196  0.97827  0.02441 -0.18349 -0.59450  0.24220
1434400944.438 -0.01099  0.97876  0.02734 -0.18165 -0.59266  0.24128
1434400944.459 -0.01416  0.98389  0.02661 -0.17982 -0.59450  0.24495
1434400944.479 -0.01270  0.97998  0.02856 -0.18073 -0.59358  0.23945
1434400944.499 -0.00928  0.97559  0.02856 -0.17982 -0.59725  0.23761
1434400944.519 -0.00854  0.97485  0.02588 -0.17890 -0.59083  0.23945
1434400944.539 -0.01025  0.98022  0.02515 -0.17890 -0.59174  0.23853
1434400944.559 -0.01318  0.98169  0.02441 -0.17982 -0.59358  0.24128
1434400944.579 -0.01123  0.97778  0.02979 -0.18073 -0.59358  0.24312
1434400944.599 -0.00977  0.97510  0.02637 -0.18257 -0.59633  0.24312
1434400944.619 -0.01343  0.98022  0.02637 -0.17982 -0.59725  0.24312
1434400944.639 -0.01245  0.97949  0.02686 -0.18165 -0.59450  0.24220
1434400944.659 -0.01099  0.97681  0.02881 -0.17982 -0.59358  0.24312
1434400944.679 -0.01050  0.97583  0.02515 -0.17982 -0.59541  0.24128
1434400944.698 -0.00879  0.97510  0.02588 -0.17890 -0.59450  0.24220
1434400944.718 -0.01270  0.98120  0.02637 -0.18165 -0.59450  0.24312
1434400944.738 -0.01025  0.97900  0.02466 -0.17798 -0.59358  0.24128
1434400944.759 -0.01147  0.97974  0.02539 -0.18165 -0.59541  0.24404
1434400944.779 -0.01147  0.97852  0.02539 -0.18257 -0.59450  0.24220
1434400944.799 -0.00854  0.97778  0.02563 -0.18165 -0.59450  0.24037
1434400944.819 -0.01001  0.97827  0.02808 -0.17890 -0.59633  0.24404
1434400944.839 -0.00610  0.97925  0.02881 -0.18073 -0.59450  0.24495
1434400944.859 -0.00830  0.98047  0.02759 -0.17890 -0.59266  0.24037
1434400944.879 -0.01147  0.97705  0.02637 -0.18073 -0.59266  0.24037
1434400944.899 -0.01172  0.97900  0.02856 -0.17982 -0.59541  0.24037
1434400944.919 -0.01147  0.98047  0.02539 -0.17982 -0.59541  0.24128
1434400944.939 -0.01001  0.97705  0.02539 -0.17982 -0.59450  0.24128
1434400944.959 -0.01245  0.98315  0.02393 -0.17798 -0.59541  0.23761
1434400944.979 -0.01196  0.98535  0.02466 -0.18073 -0.59633  0.24220
1434400944.999 -0.01050  0.98267  0.02490 -0.17982 -0.59633  0.24128
1434400945.019 -0.00903  0.97217  0.02588 -0.18349 -0.59633  0.24495
1434400945.039 -0.00586  0.97852  0.02515 -0.18073 -0.59541  0.23486
1434400945.059 -0.01367  0.98364  0.02441 -0.17890 -0.59358  0.24128
1434400945.079 -0.01025  0.98096  0.02051 -0.18073 -0.59541  0.24128
1434400945.099 -0.01196  0.97803  0.02588 -0.17890 -0.59266  0.24128
1434400945.119 -0.01050  0.98291  0.02271 -0.18073 -0.59633  0.24312
1434400945.139 -0.01001  0.98071  0.02661 -0.17798 -0.59358  0.24128
1434400945.159 -0.01294  0.98145  0.02661 -0.17890 -0.59083  0.24220
1434400945.179 -0.00854  0.97974  0.02490 -0.17798 -0.59174  0.24312
1434400945.199 -0.01196  0.97803  0.02490 -0.17798 -0.59450  0.24128
1434400945.219 -0.00781  0.97803  0.02612 -0.17798 -0.59541  0.24128
1434400945.239 -0.01001  0.97998  0.02417 -0.17982 -0.59541  0.24128
1434400945.259 -0.00952  0.97778  0.02441 -0.17982 -0.60367  0.24220
1434400945.279 -0.01123  0.97681  0.02686 -0.17890 -0.59358  0.24128
1434400945.299 -0.00806  0.97754  0.02612 -0.17982 -0.59083  0.24404
1434400945.319 -0.00806  0.98096  0.02319 -0.17982 -0.59450  0.24220
1434400945.339 -0.00806  0.97925  0.02368 -0.18073 -0.59450  0.24404
1434400945.359 -0.01123  0.97876  0.02515 -0.18257 -0.59358  0.23853
1434400945.379 -0.00732  0.98096  0.02808 -0.17982 -0.59817  0.24312
1434400945.399 -0.01221  0.97900  0.02515 -0.17798 -0.59633  0.24312
1434400945.418 -0.00952  0.97998  0.02637 -0.17890 -0.59358  0.24037
1434400945.439 -0.01123  0.98340  0.02515 -0.18257 -0.59358  0.24312
1434400945.459 -0.01343  0.97632  0.02368 -0.18257 -0.59358  0.24128
1434400945.479 -0.01221  0.97510  0.02930 -0.17982 -0.59358  0.24404
1434400945.499 -0.01294  0.97900  0.02588 -0.17982 -0.59358  0.24037
1434400945.519 -0.01050  0.98047  0.02563 -0.17890 -0.59541  0.24312
1434400945.539 -0.00659  0.98242  0.02661 -0.18073 -0.59450  0.24220
1434400945.559 -0.01392  0.98022  0.02808 -0.18165 -0.59450  0.23945
1434400945.579 -0.01050  0.98047  0.02954 -0.17890 -0.59358  0.23853
1434400945.599 -0.01001  0.97852  0.02612 -0.18349 -0.59174  0.24220
1434400945.618 -0.00537  0.97607  0.02759 -0.18165 -0.59541  0.24220
1434400945.638 -0.01270  0.97876  0.02612 -0.18165 -0.59358  0.24220
1434400945.659 -0.01514  0.97754  0.02686 -0.17982 -0.59541  0.24220
1434400945.678 -0.00830  0.97656  0.02319 -0.18073 -0.59633  0.24128
1434400945.699 -0.01099  0.97656  0.02905 -0.17982 -0.60000  0.24220
1434400945.719 -0.01123  0.97729  0.02490 -0.17982 -0.59633  0.24220
1434400945.738 -0.01196  0.98218  0.02686 -0.18165 -0.59358  0.24220
1434400945.759 -0.01147  0.97510  0.02637 -0.17798 -0.59358  0.24312
1434400945.779 -0.00732  0.97925  0.02588 -0.17890 -0.59450  0.24037
1434400945.799 -0.00903  0.97681  0.02710 -0.17890 -0.59633  0.24128
1434400945.819 -0.01123  0.98047  0.02417 -0.17982 -0.59817  0.24220
1434400945.838 -0.00977  0.97729  0.02856 -0.18165 -0.59358  0.24128
1434400945.859 -0.01440  0.97534  0.02197 -0.18073 -0.59450  0.24404
1434400945.879 -0.00952  0.97925  0.02710 -0.17982 -0.59541  0.24128
1434400945.899 -0.00903  0.97705  0.02515 -0.17798 -0.59541  0.24128
1434400945.919 -0.00928  0.97656  0.02417 -0.18073 -0.59541  0.24037
1434400945.939 -0.00635  0.97705  0.02539 -0.17706 -0.59358  0.24037
1434400945.959 -0.01147  0.97974  0.02441 -0.17982 -0.59633  0.24220
1434400945.979 -0.01294  0.98071  0.02783 -0.18073 -0.59358  0.24220
1434400945.998 -0.01025  0.97803  0.02417 -0.17798 -0.59817  0.23945
1434400946.019 -0.01392  0.97876  0.02930 -0.18073 -0.59358  0.24128
1434400946.038 -0.00854  0.97534  0.02148 -0.18073 -0.59541  0.24312
1434400946.059 -0.01074  0.97607  0.02588 -0.18073 -0.59450  0.24128
1434400946.079 -0.01074  0.97925  0.02612 -0.17982 -0.59450  0.23945
1434400946.099 -0.00977  0.97754  0.02393 -0.18073 -0.59633  0.24128
1434400946.119 -0.01196  0.97925  0.02515 -0.18165 -0.59358  0.24128
1434400946.138 -0.01294  0.97510  0.02637 -0.18165 -0.59174  0.23853
1434400946.159 -0.00635  0.97803  0.02368 -0.17982 -0.59450  0.23945
1434400946.179 -0.01196  0.98364  0.02734 -0.17982 -0.59266  0.24128
1434400946.198 -0.00586  0.97778  0.02368 -0.18073 -0.59358  0.24312
1434400946.219 -0.01196  0.97632  0.02637 -0.18073 -0.59358  0.24037
1434400946.239 -0.00879  0.98193  0.02197 -0.18073 -0.59358  0.24128
1434400946.259 -0.01245  0.97852  0.02466 -0.18073 -0.59266  0.24037
1434400946.279 -0.01074  0.98169  0.02271 -0.18257 -0.59450  0.24312
1434400946.299 -0.01025  0.98145  0.02612 -0.18165 -0.59174  0.24128
1434400946.319 -0.01245  0.97925  0.02783 -0.17890 -0.59358  0.24404
1434400946.339 -0.01465  0.98169  0.02588 -0.17798 -0.59450  0.24312
1434400946.359 -0.00977  0.97998  0.02515 -0.17982 -0.59725  0.24220
1434400946.379 -0.01245  0.98071  0.02515 -0.17982 -0.60092  0.24128
1434400946.399 -0.01147  0.97754  0.02710 -0.17982 -0.59450  0.24220
1434400946.419 -0.00952  0.97876  0.02637 -0.18165 -0.59266  0.24128
1434400946.439 -0.01416  0.97974  0.02734 -0.18073 -0.59725  0.24128
1434400946.459 -0.00781  0.97925  0.02319 -0.17798 -0.59725  0.24128
1434400946.479 -0.00830  0.97607  0.02783 -0.17890 -0.59266  0.24312
1434400946.499 -0.01147  0.98218  0.02466 -0.18073 -0.59266  0.24128
1434400946.519 -0.01123  0.97974  0.02344 -0.17890 -0.59541  0.24037
1434400946.539 -0.01221  0.97900  0.02686 -0.17706 -0.59450  0.24037
1434400946.559 -0.00928  0.98096  0.02686 -0.18073 -0.59817  0.24312
1434400946.579 -0.01270  0.98022  0.02710 -0.17982 -0.59908  0.24312
1434400946.599 -0.01074  0.97778  0.02368 -0.18073 -0.59450  0.24220
1434400946.619 -0.01172  0.97827  0.02539 -0.18165 -0.59541  0.24037
1434400946.639 -0.01245  0.97827  0.02393 -0.17982 -0.59633  0.24312
1434400946.659 -0.00854  0.98022  0.02588 -0.17798 -0.59358  0.24404
1434400946.679 -0.00537  0.97681  0.02515 -0.18073 -0.59358  0.24312
1434400946.699 -0.01245  0.97778  0.02856 -0.18165 -0.59541  0.24404
1434400946.719 -0.01538  0.97827  0.02637 -0.18073 -0.59266  0.24128
1434400946.739 -0.01172  0.98071  0.02490 -0.17982 -0.59541  0.24037
1434400946.759 -0.01050  0.97998  0.02173 -0.17890 -0.59266  0.24404
1434400946.779 -0.00879  0.97949  0.02905 -0.17982 -0.58899  0.24128
1434400946.799 -0.01318  0.97974  0.02612 -0.18073 -0.59266  0.24128
1434400946.819 -0.01245  0.98169  0.02319 -0.18165 -0.59541  0.24220
1434400946.839 -0.01050  0.97876  0.02905 -0.18073 -0.59266  0.24220
1434400946.859 -0.01025  0.97681  0.02954 -0.17798 -0.59266  0.24220
1434400946.879 -0.01416  0.97974  0.02271 -0.17798 -0.59266  0.24037
1434400946.899 -0.01099  0.98022  0.02197 -0.18073 -0.59358  0.23945
1434400946.919 -0.01489  0.98315  0.02686 -0.18073 -0.59358  0.24037
1434400946.939 -0.01147  0.97876  0.02148 -0.17706 -0.59450  0.24037
1434400946.959 -0.00879  0.97754  0.02783 -0.17890 -0.59266  0.24312
1434400946.979 -0.00903  0.97754  0.02734 -0.17982 -0.59450  0.24312
1434400946.999 -0.01367  0.98071  0.02759 -0.18165 -0.59266  0.24312
1434400947.019 -0.01416  0.98340  0.02661 -0.18349 -0.59541  0.24128
1434400947.038 -0.01050  0.97925  0.02539 -0.17982 -0.59358  0.24037
1434400947.059 -0.01099  0.97949  0.02759 -0.17982 -0.59450  0.24220
1434400947.079 -0.01318  0.97607  0.02368 -0.17982 -0.59633  0.24220
1434400947.099 -0.01538  0.98047  0.02588 -0.18165 -0.59266  0.24220
1434400947.119 -0.00879  0.97656  0.02539 -0.17982 -0.59450  0.24312
1434400947.139 -0.01562  0.97827  0.02075 -0.18073 -0.59358  0.24128
1434400947.159 -0.01196  0.98022  0.02710 -0.17798 -0.59541  0.24037
1434400947.179 -0.01099  0.97900  0.02466 -0.18165 -0.59450  0.24220
1434400947.199 -0.01099  0.97803  0.02441 -0.18165 -0.59541  0.24128
1434400947.219 -0.01221  0.98047  0.02441 -0.18073 -0.59450  0.24037
1434400947.239 -0.01465  0.97998  0.02661 -0.17890 -0.59450  0.24037
1434400947.259 -0.00684  0.98047  0.02539 -0.18165 -0.59358  0.23945
1434400947.279 -0.01318  0.98145  0.02393 -0.17890 -0.59266  0.24037
1434400947.299 -0.01245  0.98047  0.02637 -0.17982 -0.59541  0.24220
1434400947.319 -0.01514  0.98267  0.02271 -0.18257 -0.59266  0.24312
1434400947.339 -0.00977  0.97827  0.02319 -0.17890 -0.59541  0.24037
1434400947.359 -0.01245  0.97461  0.02612 -0.17890 -0.59266  0.24128
1434400947.379 -0.01489  0.97412  0.02539 -0.18073 -0.59450  0.24220
1434400947.399 -0.01392  0.97974  0.02588 -0.18165 -0.59358  0.24312
1434400947.419 -0.01343  0.97974  0.02368 -0.17890 -0.59541  0.24312
1434400947.439 -0.01172  0.97510  0.02588 -0.17798 -0.59725  0.24037
1434400947.458 -0.00586  0.97803  0.02197 -0.17706 -0.59633  0.24312
1434400947.479 -0.01074  0.97461  0.02734 -0.17890 -0.59358  0.24404
1434400947.499 -0.00635  0.97949  0.02734 -0.18073 -0.59358  0.24312
1434400947.519 -0.01245  0.98120  0.02515 -0.18073 -0.59450  0.24220
1434400947.539 -0.01172  0.98022  0.02441 -0.17890 -0.59450  0.24128
1434400947.559 -0.01392  0.97876  0.02710 -0.17706 -0.59633  0.24128
1434400947.579 -0.01099  0.97925  0.02539 -0.17890 -0.59541  0.24312
1434400947.599 -0.01123  0.97949  0.02783 -0.17982 -0.59725  0.24404
1434400947.619 -0.01489  0.97754  0.03003 -0.18165 -0.59358  0.24037
1434400947.639 -0.01001  0.98022  0.02466 -0.17890 -0.59358  0.24037
1434400947.659 -0.01367  0.97852  0.02856 -0.18073 -0.59174  0.24220
1434400947.679 -0.01514  0.97803  0.02637 -0.17982 -0.59541  0.24128
1434400947.699 -0.01074  0.97705  0.02710 -0.18073 -0.59725  0.24128
1434400947.719 -0.01294  0.98022  0.02710 -0.18073 -0.59358  0.24220
1434400947.739 -0.01343  0.97803  0.02661 -0.17890 -0.59450  0.24220
1434400947.759 -0.01099  0.97998  0.02588 -0.17982 -0.59174  0.24220
1434400947.779 -0.01147  0.97583  0.02515 -0.17890 -0.59541  0.24220
1434400947.799 -0.01099  0.97900  0.02393 -0.17890 -0.59450  0.24220
1434400947.819 -0.01172  0.97925  0.02661 -0.17890 -0.59725  0.24037
1434400947.839 -0.01294  0.97876  0.02441 -0.18257 -0.59266  0.24404
1434400947.859 -0.01294  0.97974  0.02759 -0.17798 -0.59541  0.24312
1434400947.879 -0.01099  0.97705  0.02612 -0.17982 -0.59633  0.24128
1434400947.899 -0.01245  0.97974  0.02686 -0.18073 -0.59358  0.24128
1434400947.919 -0.01294  0.98022  0.02563 -0.17982 -0.59450  0.24312
1434400947.939 -0.01099  0.97510  0.02222 -0.17890 -0.59266  0.24220
1434400947.959 -0.01685  0.98169  0.02441 -0.17982 -0.59174  0.24220
1434400947.979 -0.01245  0.97949  0.02588 -0.17890 -0.59541  0.24495
1434400947.999 -0.01221  0.97388  0.02637 -0.17890 -0.59358  0.23945
1434400948.019 -0.01123  0.97559  0.02734 -0.17890 -0.59633  0.24128
1434400948.039 -0.01343  0.97681  0.02686 -0.18073 -0.59541  0.23853
1434400948.059 -0.00952  0.98169  0.02148 -0.17890 -0.59450  0.24128
1434400948.079 -0.01562  0.97852  0.02783 -0.17798 -0.59633  0.24037
1434400948.099 -0.01514  0.97559  0.02344 -0.17890 -0.59450  0.24220
1434400948.119 -0.00854  0.97876  0.02002 -0.17798 -0.59450  0.24312
1434400948.139 -0.01221  0.98145  0.02661 -0.17890 -0.59358  0.24128
1434400948.159 -0.01196  0.97900  0.02808 -0.17706 -0.59725  0.23761
1434400948.179 -0.01025  0.97559  0.02588 -0.17706 -0.59450  0.24220
1434400948.199 -0.01440  0.98169  0.02563 -0.17798 -0.59633  0.24220
1434400948.219 -0.01221  0.97754  0.02637 -0.17798 -0.59358  0.24128
1434400948.239 -0.01123  0.98169  0.02856 -0.17706 -0.59083  0.23945
1434400948.259 -0.01123  0.97363  0.03125 -0.17890 -0.59358  0.24404
1434400948.279 -0.01489  0.98389  0.02417 -0.17890 -0.59633  0.24312
1434400948.299 -0.01440  0.97876  0.02856 -0.17982 -0.59266  0.24220
1434400948.319 -0.01318  0.97852  0.02783 -0.17798 -0.59633  0.24037
1434400948.339 -0.01294  0.98340  0.02563 -0.18073 -0.59541  0.24128
1434400948.359 -0.01196  0.98071  0.02783 -0.17982 -0.58991  0.24404
1434400948.379 -0.01172  0.97559  0.02759 -0.17798 -0.59358  0.24128
1434400948.399 -0.01538  0.97754  0.02881 -0.17798 -0.59450  0.24404
1434400948.419 -0.01099  0.97852  0.02881 -0.18073 -0.59541  0.24220
1434400948.439 -0.00977  0.97412  0.02441 -0.17798 -0.59725  0.24128
1434400948.459 -0.01270  0.97656  0.02734 -0.18165 -0.59174  0.24220
1434400948.479 -0.01343  0.98022  0.02588 -0.18165 -0.59450  0.24128
1434400948.499 -0.01294  0.98169  0.02344 -0.17798 -0.59450  0.24128
1434400948.519 -0.01147  0.97998  0.02588 -0.18165 -0.59541  0.23945
1434400948.539 -0.01172  0.97876  0.02271 -0.17982 -0.59725  0.24128
1434400948.559 -0.01221  0.98218  0.02417 -0.17982 -0.59725  0.24128
1434400948.579 -0.01416  0.98169  0.02539 -0.17982 -0.59541  0.24220
1434400948.599 -0.01221  0.98096  0.02490 -0.17798 -0.59358  0.24037
1434400948.619 -0.01099  0.97998  0.02319 -0.17798 -0.59450  0.24220
1434400948.639 -0.01465  0.97607  0.02637 -0.17798 -0.59450  0.24128
1434400948.659 -0.01343  0.97974  0.02588 -0.17890 -0.59541  0.24220
1434400948.679 -0.01196  0.97974  0.02246 -0.18165 -0.59725  0.24312
1434400948.699 -0.01318  0.97827  0.02490 -0.17890 -0.59541  0.24128
1434400948.719 -0.01367  0.97461  0.02759 -0.17798 -0.59450  0.24220
1434400948.739 -0.00977  0.98022  0.02832 -0.17890 -0.59266  0.24037
1434400948.759 -0.01660  0.98096  0.02417 -0.17890 -0.59358  0.24312
1434400948.779 -0.01465  0.97827  0.02930 -0.18073 -0.59541  0.24312
1434400948.799 -0.01221  0.97778  0.02197 -0.17982 -0.59450  0.24128
1434400948.819 -0.01270  0.97729  0.02759 -0.17798 -0.59450  0.24128
1434400948.839 -0.01465  0.97876  0.02466 -0.17706 -0.59174  0.24220
1434400948.859 -0.00879  0.98169  0.02441 -0.17890 -0.59541  0.24312
1434400948.879 -0.01465  0.97876  0.02979 -0.17982 -0.59541  0.24312
1434400948.899 -0.00928  0.97949  0.02368 -0.17890 -0.59450  0.24404
1434400948.919 -0.01147  0.98291  0.02393 -0.17798 -0.59266  0.24128
1434400948.939 -0.01440  0.97485  0.02417 -0.17798 -0.59358  0.24220
1434400948.959 -0.01123  0.97461  0.02710 -0.17890 -0.59358  0.24312
1434400948.979 -0.01489  0.98169  0.02612 -0.17982 -0.59358  0.24037
1434400948.999 -0.01514  0.98315  0.02686 -0.18440 -0.59358  0.24037
1434400949.019 -0.01196  0.98071  0.02441 -0.17982 -0.59358  0.23945
1434400949.039 -0.01001  0.98022  0.02710 -0.17615 -0.59358  0.24220
1434400949.059 -0.01294  0.97607  0.02490 -0.17706 -0.59633  0.24128
1434400949.079 -0.01294  0.98022  0.02563 -0.17982 -0.59358  0.24128
1434400949.099 -0.01123  0.98120  0.02661 -0.17982 -0.59450  0.24220
1434400949.119 -0.01514  0.97998  0.02466 -0.17706 -0.59358  0.24220
1434400949.139 -0.00977  0.97632  0.02271 -0.17982 -0.59450  0.24220
1434400949.159 -0.01465  0.97559  0.02881 -0.17982 -0.59450  0.24128
1434400949.179 -0.00928  0.97778  0.01855 -0.17890 -0.59358  0.24220
1434400949.199 -0.01465  0.97778  0.02856 -0.17890 -0.59633  0.24128
1434400949.219 -0.01440  0.97900  0.02515 -0.18073 -0.59541  0.24037
1434400949.239 -0.01318  0.97607  0.02441 -0.17798 -0.59266  0.24220
1434400949.259 -0.01392  0.98242  0.02881 -0.17706 -0.59450  0.24312
1434400949.279 -0.01489  0.97998  0.02393 -0.17982 -0.59541  0.24128
1434400949.299 -0.01025  0.98364  0.02710 -0.17982 -0.59266  0.24037
1434400949.319 -0.01392  0.97754  0.02759 -0.17982 -0.59450  0.23945
1434400949.339 -0.01294  0.97778  0.02612 -0.17890 -0.59633  0.24037
1434400949.359 -0.01147  0.97827  0.02466 -0.18532 -0.59541  0.24037
1434400949.379 -0.01001  0.98047  0.02954 -0.18165 -0.59450  0.24128
1434400949.398 -0.01050  0.97656  0.02466 -0.17706 -0.59450  0.24037
1434400949.419 -0.01465  0.97754  0.02710 -0.17982 -0.59358  0.23945
1434400949.438 -0.01514  0.97949  0.02490 -0.17523 -0.59174  0.24404
1434400949.458 -0.01245  0.98218  0.02148 -0.17890 -0.59358  0.24312
1434400949.478 -0.01392  0.97729  0.02783 -0.18073 -0.59725  0.24128
1434400949.499 -0.01392  0.97607  0.02881 -0.17798 -0.59174  0.24220
1434400949.519 -0.01416  0.98584  0.02319 -0.18073 -0.59450  0.24128
1434400949.538 -0.01465  0.98242  0.02759 -0.18073 -0.59817  0.24128
1434400949.558 -0.01123  0.98047  0.02710 -0.17890 -0.59633  0.24128
1434400949.578 -0.01367  0.98047  0.02783 -0.17982 -0.59450  0.24037
1434400949.598 -0.01416  0.98145  0.02246 -0.17982 -0.59541  0.24128
1434400949.619 -0.01465  0.97925  0.02637 -0.17798 -0.59450  0.24128
1434400949.639 -0.01343  0.98022  0.02539 -0.17890 -0.59633  0.24128
1434400949.658 -0.01416  0.97729  0.02441 -0.17890 -0.59358  0.24128
1434400949.678 -0.01245  0.97803  0.02759 -0.18165 -0.59266  0.24220
1434400949.698 -0.01147  0.97705  0.02490 -0.17982 -0.59633  0.24128
1434400949.718 -0.01440  0.97632  0.02637 -0.17890 -0.59358  0.23945
1434400949.739 -0.01245  0.98364  0.02246 -0.17798 -0.59450  0.24312
1434400949.759 -0.01221  0.97852  0.02637 -0.17798 -0.59633  0.24220
1434400949.778 -0.01050  0.97778  0.02539 -0.18073 -0.59358  0.24312
1434400949.798 -0.01221  0.97729  0.02612 -0.17706 -0.59358  0.24220
1434400949.818 -0.01074  0.98145  0.02588 -0.17982 -0.58899  0.24128
1434400949.838 -0.01147  0.98022  0.02734 -0.17798 -0.59541  0.24037
1434400949.859 -0.01123  0.97412  0.02368 -0.18165 -0.59266  0.24128
1434400949.879 -0.00977  0.98462  0.02368 -0.17890 -0.59358  0.24220
1434400949.898 -0.01099  0.97925  0.02710 -0.17890 -0.59174  0.24128
1434400949.918 -0.01196  0.98169  0.02490 -0.17890 -0.59083  0.24220
1434400949.938 -0.01367  0.97827  0.02637 -0.17890 -0.59450  0.24037
1434400949.959 -0.01489  0.98364  0.02710 -0.17982 -0.59266  0.24037
1434400949.979 -0.01416  0.97998  0.02710 -0.17890 -0.59541  0.24037
1434400949.999 -0.00977  0.97998  0.02173 -0.17890 -0.59358  0.24128
1434400950.018 -0.01099  0.97803  0.02783 -0.17890 -0.59541  0.23945
1434400950.038 -0.01123  0.98022  0.02759 -0.18165 -0.59266  0.24037
1434400950.058 -0.01196  0.98145  0.02637 -0.18165 -0.59450  0.24037
1434400950.078 -0.01099  0.98438  0.02563 -0.17982 -0.59266  0.24220
1434400950.099 -0.01465  0.98340  0.02759 -0.17982 -0.59633  0.24312
1434400950.119 -0.01050  0.97559  0.02539 -0.17890 -0.59541  0.24037
1434400950.138 -0.01343  0.97852  0.02661 -0.18073 -0.59541  0.24037
1434400950.158 -0.01343  0.97998  0.02368 -0.17982 -0.59266  0.24128
1434400950.178 -0.01465  0.97681  0.02881 -0.17890 -0.59725  0.24312
1434400950.199 -0.01245  0.98120  0.02539 -0.17982 -0.59358  0.24128
1434400950.218 -0.01245  0.97656  0.02759 -0.17798 -0.59450  0.24128
1434400950.238 -0.00928  0.98218  0.02612 -0.17798 -0.59266  0.24037
1434400950.258 -0.01123  0.97656  0.02441 -0.18257 -0.59541  0.24220
1434400950.278 -0.01440  0.97876  0.02173 -0.18073 -0.59358  0.24128
1434400950.298 -0.01025  0.97778  0.02637 -0.17982 -0.59541  0.24128
1434400950.319 -0.01001  0.97974  0.02197 -0.18073 -0.59358  0.23945
1434400950.338 -0.01245  0.97705  0.02979 -0.17982 -0.59817  0.24220
1434400950.358 -0.01196  0.98022  0.02759 -0.18073 -0.59174  0.24220
1434400950.378 -0.01123  0.98145  0.02490 -0.17982 -0.59450  0.24312
1434400950.398 -0.01318  0.98145  0.02734 -0.17982 -0.59358  0.24128
1434400950.418 -0.01196  0.97681  0.02441 -0.17890 -0.59725  0.24220
1434400950.439 -0.01123  0.97827  0.02246 -0.17982 -0.59450  0.24128
1434400950.459 -0.00977  0.97656  0.02490 -0.17982 -0.59266  0.24128
1434400950.478 -0.01367  0.97778  0.02686 -0.17890 -0.59725  0.23945
1434400950.498 -0.01245  0.98145  0.02490 -0.17798 -0.59633  0.24220
1434400950.518 -0.01660  0.97510  0.02466 -0.17982 -0.59450  0.24312
1434400950.538 -0.00928  0.98413  0.02686 -0.17982 -0.59541  0.24037
1434400950.559 -0.01172  0.97900  0.02661 -0.18073 -0.59266  0.24128
1434400950.579 -0.01099  0.97656  0.02539 -0.18073 -0.59450  0.24404
1434400950.598 -0.00928  0.97827  0.02661 -0.17798 -0.59450  0.24220
1434400950.618 -0.01392  0.97729  0.02417 -0.17890 -0.59174  0.23945
1434400950.638 -0.01416  0.97925  0.02563 -0.18073 -0.59174  0.24037
1434400950.658 -0.01196  0.97900  0.02881 -0.17890 -0.59725  0.24128
1434400950.679 -0.01050  0.97754  0.02686 -0.17890 -0.59541  0.24128
1434400950.699 -0.01099  0.97974  0.02490 -0.17982 -0.59358  0.24128
1434400950.718 -0.01025  0.97461  0.02808 -0.18073 -0.59450  0.24128
1434400950.738 -0.01025  0.97852  0.02612 -0.17890 -0.59358  0.24495
1434400950.758 -0.01221  0.97778  0.02661 -0.17982 -0.59266  0.24220
1434400950.778 -0.01514  0.97778  0.02417 -0.18257 -0.59633  0.24220
1434400950.799 -0.01611  0.97681  0.02417 -0.18165 -0.59541  0.24220
1434400950.819 -0.01074  0.98022  0.02466 -0.17982 -0.59266  0.24404
1434400950.838 -0.01318  0.97778  0.02808 -0.18073 -0.59266  0.24220
1434400950.858 -0.01392  0.98242  0.02441 -0.18073 -0.59541  0.24128
1434400950.879 -0.01343  0.98022  0.02661 -0.18073 -0.59450  0.24220
1434400950.898 -0.01343  0.97998  0.02246 -0.17982 -0.59541  0.24220
1434400950.919 -0.01660  0.98022  0.02612 -0.17890 -0.59450  0.24220
1434400950.939 -0.01367  0.98120  0.02295 -0.17798 -0.59358  0.24128
1434400950.959 -0.01245  0.97900  0.02710 -0.18165 -0.59450  0.24128
1434400950.979 -0.01660  0.98022  0.02563 -0.17982 -0.59541  0.24128
1434400950.999 -0.01392  0.97559  0.02417 -0.18073 -0.59450  0.24037
1434400951.019 -0.01294  0.97559  0.02417 -0.17890 -0.59358  0.24220
1434400951.039 -0.01343  0.97607  0.02563 -0.17982 -0.59541  0.24312
1434400951.059 -0.01270  0.97461  0.02393 -0.18073 -0.59358  0.24312
1434400951.079 -0.01294  0.98022  0.02588 -0.17890 -0.59450  0.24128
1434400951.099 -0.01221  0.97974  0.02466 -0.17982 -0.59450  0.24220
1434400951.119 -0.01367  0.97168  0.02539 -0.17982 -0.59633  0.24037
1434400951.139 -0.01074  0.97656  0.02930 -0.17890 -0.59266  0.24037
1434400951.159 -0.01440  0.97925  0.02539 -0.18073 -0.59541  0.24404
1434400951.179 -0.01587  0.98047  0.02466 -0.17982 -0.59450  0.24404
1434400951.199 -0.01123  0.97827  0.02393 -0.18073 -0.59083  0.24220
1434400951.219 -0.01050  0.97974  0.02393 -0.17798 -0.59633  0.24220
1434400951.239 -0.01123  0.97559  0.02637 -0.17798 -0.59541  0.24128
1434400951.259 -0.01270  0.97778  0.02466 -0.18073 -0.59450  0.24037
1434400951.279 -0.00928  0.98145  0.02637 -0.17982 -0.59450  0.24220
1434400951.299 -0.01343  0.97974  0.02539 -0.18165 -0.59541  0.24312
1434400951.319 -0.01001  0.97925  0.02515 -0.17798 -0.59450  0.23945
1434400951.339 -0.01318  0.97559  0.02710 -0.17982 -0.59174  0.24037
1434400951.359 -0.01245  0.98193  0.02661 -0.17890 -0.59266  0.24312
1434400951.379 -0.01123  0.97974  0.02368 -0.17706 -0.59541  0.24220
1434400951.399 -0.01172  0.97705  0.02588 -0.17982 -0.59266  0.23945
1434400951.418 -0.01099  0.97656  0.02710 -0.17982 -0.59358  0.24037
1434400951.438 -0.01489  0.97925  0.02466 -0.18073 -0.59633  0.24220
1434400951.459 -0.01196  0.98535  0.02588 -0.18073 -0.59541  0.24128
1434400951.479 -0.01270  0.97827  0.02417 -0.17982 -0.59541  0.24220
1434400951.498 -0.01196  0.97754  0.02441 -0.17982 -0.59633  0.24128
1434400951.519 -0.00684  0.97559  0.02441 -0.17890 -0.59541  0.24404
1434400951.539 -0.00830  0.97778  0.02856 -0.18073 -0.59541  0.24128
1434400951.559 -0.01025  0.97998  0.02173 -0.17890 -0.59633  0.24312
1434400951.578 -0.01440  0.98438  0.02612 -0.18165 -0.59541  0.24128
1434400951.599 -0.01245  0.98096  0.02515 -0.18257 -0.59358  0.24128
1434400951.618 -0.00879  0.98047  0.02490 -0.17982 -0.59174  0.24128
1434400951.639 -0.01074  0.97510  0.02612 -0.17890 -0.59450  0.24037
1434400951.659 -0.01099  0.97998  0.02441 -0.18073 -0.59358  0.23945
1434400951.679 -0.01245  0.97852  0.02588 -0.17982 -0.59450  0.24128
1434400951.699 -0.01392  0.98218  0.02222 -0.18165 -0.59450  0.24220
1434400951.719 -0.01221  0.97729  0.02222 -0.18073 -0.59450  0.24312
1434400951.739 -0.01465  0.97559  0.02393 -0.17982 -0.59450  0.24128
1434400951.759 -0.01440  0.97656  0.02417 -0.18073 -0.59450  0.24128
1434400951.779 -0.00977  0.97754  0.02759 -0.17890 -0.59633  0.24404
1434400951.799 -0.01099  0.97778  0.02661 -0.18073 -0.59450  0.24312
1434400951.819 -0.01025  0.97974  0.02368 -0.18073 -0.59450  0.24220
1434400951.839 -0.00903  0.97656  0.02515 -0.17798 -0.59633  0.24128
1434400951.859 -0.01074  0.98145  0.02246 -0.18073 -0.59541  0.24037
1434400951.879 -0.01050  0.98047  0.02759 -0.18165 -0.59358  0.24220
1434400951.899 -0.01416  0.97559  0.02368 -0.18073 -0.59817  0.24404
1434400951.919 -0.01587  0.97974  0.02637 -0.17982 -0.59450  0.24312
1434400951.939 -0.01074  0.97827  0.02515 -0.18073 -0.59358  0.24220
1434400951.959 -0.01465  0.97876  0.02490 -0.17982 -0.59450  0.24312
1434400951.979 -0.01294  0.97949  0.02710 -0.17982 -0.59083  0.24037
1434400951.999 -0.01172  0.97607  0.02612 -0.18165 -0.59725  0.24037
1434400952.019 -0.01367  0.97803  0.02612 -0.18165 -0.59358  0.24037
1434400952.039 -0.01050  0.97656  0.02417 -0.17706 -0.59358  0.24128
1434400952.059 -0.01416  0.97778  0.02539 -0.18073 -0.59450  0.24220
1434400952.079 -0.01172  0.97266  0.02661 -0.17798 -0.59541  0.24037
1434400952.099 -0.01196  0.97998  0.02710 -0.17798 -0.59541  0.24037
1434400952.119 -0.01392  0.97876  0.02515 -0.17982 -0.59541  0.24220
1434400952.139 -0.01074  0.97583  0.02466 -0.17890 -0.59266  0.24128
1434400952.159 -0.01367  0.98071  0.02271 -0.17706 -0.59358  0.24220
1434400952.179 -0.01562  0.97852  0.02856 -0.17982 -0.59266  0.24220
1434400952.199 -0.01416  0.98120  0.02637 -0.17890 -0.59541  0.24312
1434400952.219 -0.00879  0.97998  0.02563 -0.18073 -0.59633  0.24220
1434400952.239 -0.01196  0.98169  0.02856 -0.17798 -0.59358  0.24220
1434400952.259 -0.01196  0.97681  0.02319 -0.18073 -0.59358  0.24220
1434400952.279 -0.01367  0.97998  0.02710 -0.17615 -0.59450  0.24037
1434400952.299 -0.01270  0.97656  0.02490 -0.18073 -0.59174  0.24220
1434400952.319 -0.01489  0.97998  0.02490 -0.17982 -0.59725  0.24128
1434400952.339 -0.01123  0.97827  0.02930 -0.18073 -0.59266  0.24220
1434400952.359 -0.01392  0.97974  0.02783 -0.18073 -0.59725  0.24404
1434400952.379 -0.01660  0.97778  0.02563 -0.17982 -0.59633  0.24312
1434400952.399 -0.01367  0.98291  0.02051 -0.17798 -0.59358  0.24220
1434400952.419 -0.01416  0.98047  0.02466 -0.18165 -0.59633  0.23945
1434400952.439 -0.00879  0.97339  0.02612 -0.17706 -0.59541  0.24037
1434400952.459 -0.01270  0.97681  0.02441 -0.17890 -0.59358  0.24037
1434400952.479 -0.01343  0.97925  0.02808 -0.17890 -0.59174  0.24220
1434400952.499 -0.01538  0.98486  0.02661 -0.17798 -0.59266  0.24037
1434400952.519 -0.01294  0.97729  0.02539 -0.18165 -0.59266  0.24037
1434400952.539 -0.01001  0.97681  0.02979 -0.17798 -0.59450  0.24220
1434400952.559 -0.01367  0.98120  0.02612 -0.18073 -0.59450  0.24128
1434400952.579 -0.01343  0.98022  0.02466 -0.17798 -0.59450  0.24220
1434400952.599 -0.01245  0.98218  0.02515 -0.18073 -0.59633  0.24312
1434400952.619 -0.01221  0.97974  0.02661 -0.17982 -0.59450  0.24312
1434400952.639 -0.01196  0.97632  0.02905 -0.17890 -0.59174  0.23945
1434400952.659 -0.01318  0.98193  0.02661 -0.17890 -0.59174  0.24128
1434400952.679 -0.01416  0.97705  0.02661 -0.17890 -0.59450  0.24128
1434400952.699 -0.01270  0.97827  0.02783 -0.17798 -0.59541  0.24128
1434400952.719 -0.01392  0.97998  0.02637 -0.17982 -0.59450  0.23945
1434400952.739 -0.01514  0.98560  0.03052 -0.17890 -0.59633  0.24312
1434400952.759 -0.01172  0.97632  0.02539 -0.18073 -0.59541  0.24220
1434400952.779 -0.01245  0.97607  0.02441 -0.18257 -0.59358  0.24128
1434400952.799 -0.01245  0.97754  0.02759 -0.17982 -0.59266  0.24037
1434400952.819 -0.01318  0.97998  0.02710 -0.18165 -0.59358  0.24220
1434400952.839 -0.01514  0.97681  0.02710 -0.18073 -0.59266  0.24220
1434400952.859 -0.01147  0.97681  0.02466 -0.17982 -0.59541  0.24679
1434400952.879 -0.01025  0.97363  0.02686 -0.17982 -0.59358  0.24128
1434400952.899 -0.01123  0.98364  0.02588 -0.17798 -0.59174  0.23945
1434400952.919 -0.00928  0.98022  0.02417 -0.18165 -0.59817  0.24312
1434400952.939 -0.00684  0.98145  0.02734 -0.17982 -0.59266  0.23945
1434400952.959 -0.00977  0.97974  0.02466 -0.18073 -0.59450  0.24312
1434400952.979 -0.01416  0.97729  0.02881 -0.17982 -0.59633  0.24220
1434400952.999 -0.00879  0.97754  0.02759 -0.17798 -0.59450  0.24128
1434400953.019 -0.01025  0.97900  0.02637 -0.17982 -0.59541  0.24220
1434400953.039 -0.01025  0.97705  0.02441 -0.18165 -0.59450  0.23945
1434400953.059 -0.01440  0.98608  0.02490 -0.17982 -0.59450  0.24128
1434400953.079 -0.01221  0.97803  0.02832 -0.17982 -0.58991  0.24128
1434400953.099 -0.01245  0.97876  0.02466 -0.17982 -0.59358  0.24037
1434400953.119 -0.01245  0.97949  0.02832 -0.17982 -0.59541  0.24220
1434400953.139 -0.01074  0.97754  0.02710 -0.18073 -0.59266  0.24220
1434400953.159 -0.00879  0.97778  0.02905 -0.18257 -0.59450  0.24037
1434400953.179 -0.01221  0.97876  0.02173 -0.17982 -0.59450  0.24128
1434400953.199 -0.00757  0.98438  0.02637 -0.17982 -0.59083  0.24128
1434400953.219 -0.01025  0.98340  0.02563 -0.17982 -0.59633  0.24128
1434400953.239 -0.01294  0.97656  0.02466 -0.17982 -0.59266  0.24312
1434400953.259 -0.00952  0.98315  0.02368 -0.17890 -0.59450  0.24220
1434400953.279 -0.00635  0.97778  0.02637 -0.17890 -0.59450  0.24312
1434400953.299 -0.00903  0.97949  0.02295 -0.18073 -0.59358  0.24404
1434400953.319 -0.01416  0.97974  0.02637 -0.17982 -0.59450  0.24037
1434400953.339 -0.01465  0.98047  0.02637 -0.17890 -0.59541  0.24220
1434400953.359 -0.01440  0.98340  0.02954 -0.18165 -0.59174  0.24128
1434400953.379 -0.01147  0.98120  0.02441 -0.17982 -0.60183  0.24312
1434400953.399 -0.01318  0.98022  0.02393 -0.18165 -0.59541  0.24220
1434400953.419 -0.01147  0.98071  0.02002 -0.17982 -0.59541  0.24312
1434400953.439 -0.00879  0.98071  0.02563 -0.17798 -0.59174  0.24312
1434400953.459 -0.01367  0.97925  0.02588 -0.17982 -0.59358  0.24128
1434400953.479 -0.01367  0.97998  0.02783 -0.17798 -0.59358  0.24220
1434400953.499 -0.01416  0.97974  0.02588 -0.17982 -0.59541  0.24128
1434400953.519 -0.00977  0.97705  0.02539 -0.17890 -0.59266  0.23945
1434400953.539 -0.01416  0.97412  0.02710 -0.17982 -0.59541  0.23945
1434400953.559 -0.01465  0.97876  0.02515 -0.17982 -0.59541  0.23945
1434400953.579 -0.00391  0.98071  0.02563 -0.18257 -0.59358  0.24312
1434400953.598 -0.01123  0.97852  0.02539 -0.18073 -0.59358  0.24404
1434400953.619 -0.01270  0.97949  0.02710 -0.17890 -0.59725  0.24128
1434400953.639 -0.01147  0.97900  0.02710 -0.17890 -0.59450  0.24037
1434400953.659 -0.01465  0.97949  0.02393 -0.18165 -0.59450  0.24128
1434400953.679 -0.00684  0.97144  0.02783 -0.17982 -0.59725  0.23945
1434400953.699 -0.00928  0.97559  0.02563 -0.17890 -0.59266  0.24128
1434400953.719 -0.01318  0.98267  0.02271 -0.18073 -0.59450  0.24128
1434400953.739 -0.01367  0.98364  0.02588 -0.18165 -0.59266  0.23945
1434400953.759 -0.01221  0.97900  0.02612 -0.17890 -0.59541  0.24037
1434400953.779 -0.01123  0.97656  0.02710 -0.17890 -0.59450  0.24220
1434400953.799 -0.00830  0.97607  0.02979 -0.18257 -0.59817  0.24128
1434400953.819 -0.01318  0.98193  0.02710 -0.17982 -0.59266  0.23945
1434400953.839 -0.01270  0.97754  0.02344 -0.17982 -0.59450  0.24037
1434400953.859 -0.01367  0.97900  0.02539 -0.17982 -0.59358  0.24220
1434400953.879 -0.01270  0.97876  0.02612 -0.18165 -0.59541  0.24220
1434400953.899 -0.01050  0.98364  0.02368 -0.17982 -0.59450  0.24220
1434400953.919 -0.01074  0.97388  0.02661 -0.17982 -0.59174  0.24037
1434400953.939 -0.01392  0.98071  0.03125 -0.17982 -0.59266  0.24128
1434400953.959 -0.01440  0.97827  0.02734 -0.18165 -0.59633  0.24495
1434400953.979 -0.01440  0.97852  0.02319 -0.17890 -0.59450  0.24312
1434400953.999 -0.01270  0.98242  0.02417 -0.17982 -0.59450  0.23945
1434400954.019 -0.01367  0.98267  0.02466 -0.18073 -0.59450  0.24404
1434400954.039 -0.01392  0.98169  0.02637 -0.17982 -0.59450  0.24312
1434400954.059 -0.01196  0.97778  0.02588 -0.17706 -0.59450  0.24128
1434400954.079 -0.01099  0.97437  0.02466 -0.17798 -0.59541  0.24312
1434400954.099 -0.01538  0.98242  0.02515 -0.17706 -0.59450  0.24037
1434400954.119 -0.00830  0.97852  0.02588 -0.17706 -0.59083  0.24128
1434400954.139 -0.01147  0.97803  0.02612 -0.17890 -0.59633  0.24128
1434400954.159 -0.01294  0.98047  0.02661 -0.18165 -0.59633  0.24220
1434400954.179 -0.01294  0.98389  0.02490 -0.17982 -0.59633  0.24037
1434400954.199 -0.01660  0.97681  0.02368 -0.17982 -0.60092  0.24404
1434400954.219 -0.01221  0.97925  0.02832 -0.18165 -0.59725  0.23945
1434400954.239 -0.01123  0.97754  0.02344 -0.18073 -0.59725  0.24404
1434400954.259 -0.01392  0.97925  0.02563 -0.17982 -0.59358  0.24037
1434400954.279 -0.01245  0.98145  0.02588 -0.17982 -0.59450  0.24312
1434400954.299 -0.01514  0.97876  0.02637 -0.17890 -0.59450  0.24128
1434400954.319 -0.01245  0.98120  0.02856 -0.17982 -0.59358  0.24220
1434400954.339 -0.01660  0.98022  0.02539 -0.18073 -0.59541  0.24220
1434400954.359 -0.01270  0.98022  0.02271 -0.17615 -0.59358  0.24128
1434400954.379 -0.01123  0.97949  0.02734 -0.17798 -0.59541  0.24128
1434400954.399 -0.01221  0.97656  0.02222 -0.18073 -0.59450  0.24312
1434400954.419 -0.01025  0.98022  0.02515 -0.18073 -0.59541  0.24220
1434400954.439 -0.01245  0.97681  0.02539 -0.17798 -0.59541  0.24220
1434400954.459 -0.01416  0.97974  0.02417 -0.17890 -0.59541  0.24128
1434400954.479 -0.01465  0.98071  0.02466 -0.17890 -0.59541  0.24220
1434400954.499 -0.01099  0.97607  0.02661 -0.17890 -0.59450  0.23945
1434400954.519 -0.01392  0.97510  0.02637 -0.18165 -0.59266  0.24220
1434400954.539 -0.01270  0.97900  0.02808 -0.18165 -0.59083  0.23945
1434400954.559 -0.01611  0.98193  0.02319 -0.17706 -0.59358  0.24312
1434400954.579 -0.01392  0.97681  0.02246 -0.17615 -0.59266  0.24312
1434400954.598 -0.01367  0.97925  0.02197 -0.17798 -0.59358  0.24404
1434400954.619 -0.01416  0.98193  0.02539 -0.17982 -0.59450  0.24037
1434400954.639 -0.01074  0.97925  0.02441 -0.17798 -0.59450  0.24312
1434400954.659 -0.01392  0.97852  0.02490 -0.18073 -0.59450  0.24312
1434400954.679 -0.01489  0.98242  0.02490 -0.17890 -0.59450  0.24128
1434400954.699 -0.01245  0.98291  0.02930 -0.17798 -0.59358  0.24128
1434400954.719 -0.01172  0.97803  0.02661 -0.17890 -0.59450  0.24128
1434400954.739 -0.01514  0.97705  0.02783 -0.17890 -0.59541  0.24128
1434400954.759 -0.01562  0.98120  0.02588 -0.17523 -0.59358  0.24128
1434400954.779 -0.01147  0.98071  0.02515 -0.17982 -0.59358  0.24220
1434400954.799 -0.01343  0.97925  0.02808 -0.17615 -0.59450  0.24495
1434400954.819 -0.01392  0.97339  0.02661 -0.18073 -0.59450  0.24128
1434400954.839 -0.01245  0.98071  0.02686 -0.17890 -0.59541  0.24312
1434400954.859 -0.01172  0.97388  0.02637 -0.17798 -0.59358  0.24128
1434400954.879 -0.01196  0.98120  0.02539 -0.17890 -0.59450  0.24220
1434400954.899 -0.01416  0.97754  0.02563 -0.17890 -0.59450  0.24128
1434400954.919 -0.01196  0.97607  0.02197 -0.17982 -0.59266  0.24220
1434400954.939 -0.01245  0.97729  0.02490 -0.17890 -0.59541  0.24037
1434400954.959 -0.01440  0.98096  0.02466 -0.17982 -0.59541  0.24220
1434400954.979 -0.01025  0.97168  0.02783 -0.17798 -0.59633  0.24220
1434400954.999 -0.01636  0.98145  0.02710 -0.17615 -0.59633  0.24312
1434400955.019 -0.00977  0.98315  0.02319 -0.18257 -0.59358  0.24037
1434400955.039 -0.01465  0.98145  0.02490 -0.17890 -0.59450  0.24312
1434400955.059 -0.00903  0.97925  0.02734 -0.17706 -0.59358  0.23853
1434400955.079 -0.01196  0.97339  0.02441 -0.17982 -0.59725  0.24312
1434400955.099 -0.01343  0.98022  0.02905 -0.18073 -0.59633  0.24037
1434400955.119 -0.01050  0.97900  0.02710 -0.17890 -0.59450  0.24312
1434400955.139 -0.01416  0.97583  0.02710 -0.17982 -0.59450  0.24587
1434400955.159 -0.01416  0.97754  0.02295 -0.18073 -0.59358  0.23945
1434400955.179 -0.01172  0.98022  0.02930 -0.17706 -0.59633  0.24128
1434400955.199 -0.01367  0.97632  0.02539 -0.18073 -0.59358  0.23945
1434400955.219 -0.00928  0.98022  0.02417 -0.17982 -0.59541  0.24220
1434400955.239 -0.01440  0.98218  0.02466 -0.17706 -0.59725  0.24128
1434400955.259 -0.01392  0.98120  0.02686 -0.17982 -0.59541  0.24404
1434400955.279 -0.01001  0.97827  0.02319 -0.17890 -0.59541  0.24128
1434400955.299 -0.01270  0.97803  0.02759 -0.17982 -0.59450  0.24128
1434400955.319 -0.01343  0.97876  0.02441 -0.17706 -0.59541  0.24220
1434400955.339 -0.01709  0.97949  0.02661 -0.17706 -0.59633  0.24220
1434400955.359 -0.01660  0.97705  0.02661 -0.18073 -0.59358  0.24312
1434400955.379 -0.01294  0.97803  0.02368 -0.17798 -0.59266  0.24312
1434400955.398 -0.01147  0.97925  0.02466 -0.17890 -0.59450  0.23853
1434400955.419 -0.01538  0.97778  0.02637 -0.17798 -0.59450  0.24220
1434400955.439 -0.01123  0.97803  0.02417 -0.18073 -0.59266  0.24220
1434400955.459 -0.01611  0.97827  0.02441 -0.17890 -0.59450  0.24128
1434400955.479 -0.01245  0.97827  0.02539 -0.17798 -0.59450  0.24312
1434400955.499 -0.00928  0.97705  0.02539 -0.17706 -0.59174  0.24220
1434400955.519 -0.01538  0.98022  0.02515 -0.17798 -0.59174  0.24220
1434400955.539 -0.01489  0.98242  0.02515 -0.18073 -0.59450  0.24220
1434400955.559 -0.01318  0.97827  0.02515 -0.18073 -0.59266  0.24312
1434400955.579 -0.01538  0.97974  0.02637 -0.18073 -0.59174  0.24220
1434400955.599 -0.01465  0.97461  0.02588 -0.17798 -0.59358  0.23945
1434400955.619 -0.01367  0.97949  0.02637 -0.17982 -0.59266  0.24037
1434400955.639 -0.01831  0.97900  0.02515 -0.17798 -0.59450  0.24037
1434400955.659 -0.01514  0.97656  0.02686 -0.17798 -0.59450  0.24312
1434400955.679 -0.01318  0.97974  0.02295 -0.17798 -0.59633  0.24220
1434400955.699 -0.01587  0.98096  0.02979 -0.18073 -0.59633  0.24220
1434400955.719 -0.01196  0.98145  0.02466 -0.17982 -0.59358  0.24128
1434400955.739 -0.01318  0.97705  0.02808 -0.17890 -0.59541  0.24312
1434400955.759 -0.01343  0.98120  0.02417 -0.17706 -0.59541  0.24220
1434400955.779 -0.01367  0.97876  0.02466 -0.18073 -0.59450  0.24128
1434400955.799 -0.01392  0.97778  0.02466 -0.17890 -0.59633  0.24312
1434400955.819 -0.01001  0.97876  0.02661 -0.18073 -0.59450  0.24037
1434400955.839 -0.01392  0.98120  0.02466 -0.17798 -0.59450  0.24128
1434400955.859 -0.01343  0.97754  0.02539 -0.17798 -0.59450  0.24220
1434400955.879 -0.01392  0.97729  0.02710 -0.17982 -0.59174  0.24220
1434400955.899 -0.01636  0.97607  0.02759 -0.17615 -0.59358  0.24128
1434400955.919 -0.01587  0.98608  0.02246 -0.17798 -0.59633  0.24037
1434400955.939 -0.01367  0.98193  0.02222 -0.17982 -0.59450  0.24220
1434400955.959 -0.01489  0.97510  0.02563 -0.17523 -0.59450  0.23945
1434400955.979 -0.01587  0.97925  0.02759 -0.17798 -0.59358  0.24220
1434400955.999 -0.01245  0.97974  0.02319 -0.17982 -0.59083  0.24037
1434400956.019 -0.01221  0.98267  0.02466 -0.17890 -0.59358  0.24495
1434400956.039 -0.01465  0.97900  0.02710 -0.18073 -0.59541  0.24037
1434400956.059 -0.01294  0.97852  0.02588 -0.17890 -0.59358  0.24220
1434400956.079 -0.01465  0.98242  0.02490 -0.17798 -0.59541  0.24312
1434400956.099 -0.01318  0.97510  0.02661 -0.17982 -0.59450  0.24220
1434400956.119 -0.01025  0.97925  0.02588 -0.17798 -0.59725  0.24220
1434400956.139 -0.01221  0.98022  0.02563 -0.17706 -0.59450  0.24128
1434400956.159 -0.01245  0.97827  0.02539 -0.17982 -0.59358  0.24128
1434400956.179 -0.01343  0.97852  0.02368 -0.17798 -0.59083  0.24220
1434400956.199 -0.01514  0.97900  0.02490 -0.17890 -0.59266  0.24128
1434400956.219 -0.01270  0.97900  0.02686 -0.17798 -0.59358  0.24220
1434400956.239 -0.01392  0.97998  0.02271 -0.17982 -0.59541  0.23945
1434400956.259 -0.01440  0.98022  0.02710 -0.17798 -0.59358  0.24037
1434400956.279 -0.01318  0.97778  0.02539 -0.18073 -0.59450  0.24128
1434400956.299 -0.01636  0.98047  0.02832 -0.17890 -0.59450  0.24128
1434400956.319 -0.01001  0.98022  0.02637 -0.17890 -0.59450  0.24128
1434400956.339 -0.01343  0.97852  0.02881 -0.17890 -0.59083  0.24037
1434400956.359 -0.01172  0.97510  0.02612 -0.17982 -0.59358  0.24220
1434400956.379 -0.01392  0.97803  0.02661 -0.17982 -0.58991  0.24128
1434400956.399 -0.01025  0.97925  0.02490 -0.17982 -0.59450  0.24128
1434400956.419 -0.01489  0.98120  0.02588 -0.17982 -0.59450  0.24220
1434400956.439 -0.01514  0.97925  0.02637 -0.18073 -0.59725  0.24037
1434400956.459 -0.01270  0.97705  0.02563 -0.18073 -0.59725  0.24037
1434400956.479 -0.01294  0.97729  0.02637 -0.18073 -0.59083  0.24495
1434400956.499 -0.01587  0.98022  0.02612 -0.17982 -0.59358  0.24128
1434400956.519 -0.01611  0.97998  0.02637 -0.17982 -0.59541  0.24220
1434400956.539 -0.01562  0.98022  0.02637 -0.17706 -0.59450  0.24037
1434400956.559 -0.00684  0.97461  0.02515 -0.17890 -0.59541  0.24404
1434400956.579 -0.01440  0.97656  0.02588 -0.17890 -0.59633  0.24220
1434400956.599 -0.01562  0.97876  0.02393 -0.17706 -0.59358  0.24404
1434400956.619 -0.01123  0.98047  0.02051 -0.17798 -0.59450  0.24037
1434400956.639 -0.01221  0.97876  0.02783 -0.17798 -0.59266  0.24404
1434400956.659 -0.01538  0.97656  0.02393 -0.18073 -0.59633  0.24312
