1434400821.301  0.02222  0.01245 -0.99316  0.08349 -0.75229  0.77339
1434400821.322  0.01831  0.01050 -0.99414  0.08532 -0.74771  0.77064
1434400821.342  0.01929  0.01416 -0.99048  0.08349 -0.75138  0.76972
1434400821.361  0.01831  0.00830 -0.99463  0.08716 -0.75321  0.77156
1434400821.381  0.01709  0.01221 -0.99292  0.08532 -0.75688  0.76972
1434400821.401  0.02100  0.01025 -0.99268  0.08807 -0.75688  0.77156
1434400821.422  0.02197  0.01514 -0.99585  0.08349 -0.75413  0.77064
1434400821.441  0.02100  0.01294 -0.98926  0.08532 -0.74954  0.77064
1434400821.461  0.01904  0.01318 -0.99219  0.08440 -0.75413  0.76881
1434400821.481  0.02197  0.01025 -0.99365  0.08807 -0.75413  0.76972
1434400821.501  0.02148  0.01147 -0.99365  0.08716 -0.75321  0.77064
1434400821.521  0.01782  0.01538 -0.99341  0.08716 -0.75138  0.77339
1434400821.542  0.02197  0.01318 -0.99512  0.08440 -0.75229  0.76972
1434400821.562  0.02197  0.01074 -0.99365  0.08624 -0.75413  0.77156
1434400821.581  0.02197  0.01294 -0.99536  0.08807 -0.75505  0.77248
1434400821.601  0.02051  0.01221 -0.99072  0.08532 -0.75688  0.76881
1434400821.621  0.02002  0.01172 -0.99414  0.08440 -0.75046  0.77339
1434400821.642  0.02051  0.01562 -0.99609  0.08624 -0.75138  0.77248
1434400821.661  0.01855  0.01245 -0.99414  0.08532 -0.75229  0.77431
1434400821.681  0.01904  0.01587 -0.99268  0.08716 -0.75229  0.77064
1434400821.701  0.02002  0.00977 -0.99146  0.08532 -0.75413  0.76972
1434400821.721  0.01807  0.00977 -0.99463  0.08716 -0.75413  0.77156
1434400821.742  0.01855  0.01465 -0.99023  0.08532 -0.75138  0.77064
1434400821.761  0.01978  0.01245 -0.99243  0.08349 -0.75413  0.76972
1434400821.781  0.02051  0.01196 -0.99683  0.08624 -0.75596  0.77156
1434400821.801  0.02344  0.01270 -0.99487  0.08624 -0.75505  0.76972
1434400821.821  0.02197  0.01392 -0.99316  0.08532 -0.75138  0.76972
1434400821.841  0.01929  0.01270 -0.99146  0.08716 -0.74954  0.77339
1434400821.862  0.02197  0.01440 -0.99463  0.08716 -0.75505  0.76881
1434400821.882  0.02393  0.01392 -0.99561  0.08440 -0.75138  0.76789
1434400821.901  0.02441  0.00903 -0.99463  0.08716 -0.75046  0.77339
1434400821.921  0.02100  0.00977 -0.99316  0.08349 -0.75046  0.77156
1434400821.941  0.02051  0.01685 -0.99146  0.08716 -0.75046  0.77248
1434400821.962  0.02100  0.01392 -0.98975  0.08624 -0.75413  0.77064
1434400821.982  0.01978  0.01001 -0.99121  0.08624 -0.75413  0.77156
1434400822.001  0.01929  0.01416 -0.98999  0.08349 -0.75229  0.77064
1434400822.021  0.01953  0.01294 -0.99341  0.08440 -0.74862  0.76972
1434400822.041  0.02051  0.01270 -0.98926  0.08440 -0.74954  0.76972
1434400822.062  0.02344  0.01318 -0.99365  0.08624 -0.75046  0.77064
1434400822.082  0.02100  0.01245 -0.99438  0.08716 -0.75596  0.77156
1434400822.101  0.02295  0.01221 -0.99072  0.08716 -0.75138  0.77064
1434400822.121  0.02100  0.01123 -0.99731  0.08532 -0.75138  0.77156
1434400822.141  0.02100  0.01147 -0.99463  0.08532 -0.74862  0.76972
1434400822.162  0.02148  0.00830 -0.99194  0.08716 -0.75229  0.76972
1434400822.181  0.02100  0.01294 -0.99170  0.08532 -0.75505  0.77064
1434400822.201  0.02100  0.01440 -0.99341  0.08624 -0.75505  0.77064
1434400822.221  0.01880  0.01245 -0.99536  0.08349 -0.74587  0.76972
1434400822.241  0.01807  0.01074 -0.98999  0.08440 -0.75046  0.76972
1434400822.262  0.02002  0.01611 -0.99365  0.08624 -0.75413  0.76972
1434400822.281  0.02051  0.01343 -0.99658  0.08807 -0.75596  0.77523
1434400822.301  0.02100  0.01025 -0.99243  0.08807 -0.75780  0.77156
1434400822.321  0.02148  0.01636 -0.99097  0.08257 -0.75046  0.77156
1434400822.341  0.02246  0.01050 -0.99023  0.08624 -0.74954  0.76881
1434400822.362  0.02002  0.01392 -0.99316  0.08807 -0.75780  0.76972
1434400822.382  0.02051  0.00830 -0.99390  0.08899 -0.75321  0.76789
1434400822.401  0.02002  0.01465 -0.99438  0.08349 -0.75321  0.77156
1434400822.421  0.02148  0.01343 -0.99341  0.08532 -0.74771  0.77248
1434400822.441  0.02393  0.01050 -0.99072  0.08440 -0.74954  0.77064
1434400822.461  0.02441  0.01416 -0.99170  0.08532 -0.75046  0.76697
1434400822.482  0.01904  0.01465 -0.99463  0.08716 -0.75413  0.76881
1434400822.501  0.02393  0.00977 -0.98877  0.08532 -0.75505  0.77064
1434400822.521  0.02051  0.01147 -0.99292  0.08624 -0.75321  0.77248
1434400822.541  0.01953  0.01416 -0.99243  0.08440 -0.74954  0.76972
1434400822.561  0.02100  0.01147 -0.99390  0.08807 -0.74862  0.77064
1434400822.582  0.02148  0.01465 -0.99268  0.08807 -0.75321  0.76697
1434400822.601  0.02100  0.01025 -0.99634  0.08349 -0.75046  0.77248
1434400822.621  0.02100  0.01147 -0.99390  0.08532 -0.75138  0.77431
1434400822.641  0.02026  0.01196 -0.99292  0.08624 -0.75046  0.77248
1434400822.661  0.02246  0.01050 -0.99512  0.08624 -0.75229  0.77339
1434400822.682  0.02197  0.00830 -0.99365  0.08440 -0.75229  0.77156
1434400822.701  0.02197  0.01172 -0.99292  0.08807 -0.75138  0.76881
1434400822.721  0.01807  0.01196 -0.99292  0.08440 -0.75229  0.76972
1434400822.741  0.02100  0.01343 -0.99341  0.08440 -0.75505  0.76972
1434400822.761  0.02295  0.01172 -0.99170  0.08991 -0.75229  0.77156
1434400822.781  0.01807  0.00977 -0.99390  0.08807 -0.75505  0.76972
1434400822.801  0.01978  0.01196 -0.98779  0.08624 -0.75229  0.77156
1434400822.821  0.01904  0.01465 -0.99170  0.08716 -0.75229  0.77064
1434400822.841  0.01953  0.01294 -0.99609  0.08440 -0.74862  0.77064
1434400822.861  0.02246  0.00977 -0.99438  0.08624 -0.75321  0.77156
1434400822.881  0.02344  0.01489 -0.99438  0.08624 -0.75413  0.77339
1434400822.902  0.02148  0.01025 -0.99072  0.08532 -0.75046  0.76881
1434400822.921  0.02246  0.01270 -0.99219  0.08349 -0.75138  0.77064
1434400822.941  0.01904  0.01318 -0.99438  0.08349 -0.74954  0.77064
1434400822.961  0.01929  0.01611 -0.99316  0.08257 -0.75413  0.76972
1434400822.981  0.01880  0.01147 -0.99390  0.08624 -0.75413  0.76972
1434400823.001  0.01855  0.01270 -0.98779  0.08624 -0.75229  0.76972
1434400823.021  0.02344  0.01196 -0.99194  0.08349 -0.75138  0.77248
1434400823.042  0.01904  0.01318 -0.99170  0.08532 -0.74954  0.76881
1434400823.061  0.02100  0.01514 -0.99243  0.08716 -0.75413  0.77248
1434400823.081  0.01807  0.01196 -0.98999  0.08716 -0.75505  0.77064
1434400823.101  0.02051  0.01050 -0.99487  0.08532 -0.75138  0.76972
1434400823.121  0.02441  0.01318 -0.99365  0.08257 -0.74862  0.77156
1434400823.142  0.01807  0.01465 -0.99097  0.08349 -0.75138  0.77156
1434400823.162  0.02051  0.01147 -0.99683  0.08440 -0.75138  0.76697
1434400823.181  0.02051  0.00928 -0.99414  0.08899 -0.75505  0.76972
1434400823.201  0.01782  0.01318 -0.99390  0.08532 -0.75780  0.77156
1434400823.221  0.02026  0.01343 -0.98926  0.08716 -0.75138  0.77064
1434400823.241  0.02100  0.01172 -0.99390  0.08624 -0.75046  0.77156
1434400823.262  0.02051  0.01538 -0.99463  0.08624 -0.74954  0.77064
1434400823.281  0.02124  0.00928 -0.99341  0.08532 -0.75321  0.76972
1434400823.301  0.01880  0.01172 -0.99023  0.08716 -0.75229  0.76972
1434400823.321  0.01953  0.01685 -0.99072  0.08624 -0.75046  0.77339
1434400823.342  0.02246  0.01392 -0.99243  0.08624 -0.75321  0.76881
1434400823.362  0.02344  0.01343 -0.99292  0.08349 -0.75321  0.77064
1434400823.381  0.01953  0.01099 -0.99365  0.08532 -0.75229  0.77156
1434400823.401  0.02100  0.01147 -0.99341  0.08532 -0.75321  0.77156
1434400823.421  0.02100  0.01099 -0.99316  0.08349 -0.74771  0.76972
1434400823.441  0.02002  0.01538 -0.99316  0.08624 -0.75321  0.77156
1434400823.461  0.02051  0.00952 -0.99878  0.08532 -0.75229  0.76881
1434400823.481  0.02100  0.01343 -0.99561  0.08532 -0.75413  0.77156
1434400823.501  0.01953  0.00977 -0.99414  0.08257 -0.75688  0.77248
1434400823.521  0.01855  0.00903 -0.99463  0.08624 -0.75138  0.76881
1434400823.541  0.02295  0.00977 -0.99390  0.08716 -0.75413  0.76972
1434400823.561  0.02026  0.01318 -0.98340  0.08624 -0.75046  0.77248
1434400823.581  0.01904  0.01294 -0.99390  0.08532 -0.75505  0.77156
1434400823.601  0.02100  0.01221 -0.99414  0.08716 -0.75413  0.76789
1434400823.621  0.02197  0.01440 -0.99561  0.08716 -0.74128  0.77431
1434400823.641  0.02246  0.01245 -0.99268  0.08440 -0.75138  0.77064
1434400823.661  0.02295  0.01416 -0.98804  0.08807 -0.75505  0.76972
1434400823.681  0.01978  0.01221 -0.99170  0.08532 -0.75596  0.77431
1434400823.701  0.02197  0.01343 -0.99463  0.08440 -0.75046  0.77156
1434400823.721  0.02441  0.01587 -0.99121  0.08440 -0.75046  0.77064
1434400823.741  0.02148  0.01294 -0.98926  0.08440 -0.74771  0.77156
1434400823.761  0.02051  0.01245 -0.99243  0.08807 -0.75688  0.77064
1434400823.781  0.02148  0.00928 -0.99658  0.08716 -0.75780  0.77248
1434400823.801  0.02197  0.01099 -0.99512  0.08716 -0.75688  0.77156
1434400823.821  0.01978  0.01587 -0.99219  0.08440 -0.75046  0.76881
1434400823.841  0.02344  0.01196 -0.99438  0.08440 -0.74954  0.77156
1434400823.861  0.02197  0.01294 -0.99023  0.08440 -0.75046  0.77248
1434400823.881  0.01855  0.01025 -0.99316  0.08716 -0.75780  0.77064
1434400823.901  0.02246  0.01440 -0.98999  0.08440 -0.75229  0.76972
1434400823.921  0.02173  0.01489 -0.99634  0.08624 -0.74771  0.77064
1434400823.941  0.02393  0.00928 -0.99146  0.08624 -0.75046  0.77064
1434400823.961  0.01758  0.01343 -0.99097  0.08440 -0.75321  0.76881
1434400823.981  0.02246  0.01172 -0.99609  0.08624 -0.75505  0.77156
1434400824.001  0.01953  0.01221 -0.99316  0.08532 -0.75321  0.76972
1434400824.021  0.01953  0.01416 -0.99609  0.08349 -0.74771  0.77156
1434400824.041  0.02197  0.01587 -0.99170  0.08716 -0.75138  0.77064
1434400824.061  0.02051  0.01343 -0.99487  0.08716 -0.75229  0.76972
1434400824.081  0.02148  0.01245 -0.99438  0.08624 -0.75505  0.76881
1434400824.101  0.02051  0.01294 -0.99512  0.08807 -0.75138  0.77064
1434400824.121  0.01782  0.01025 -0.99414  0.08532 -0.75505  0.77064
1434400824.141  0.02100  0.01343 -0.99170  0.08624 -0.75413  0.77156
1434400824.161  0.02051  0.01025 -0.99390  0.08532 -0.74954  0.76881
1434400824.181  0.02002  0.01367 -0.99536  0.08991 -0.75505  0.77064
1434400824.201  0.02344  0.01294 -0.99146  0.08624 -0.75321  0.76972
1434400824.221  0.02441  0.01514 -0.99048  0.08532 -0.75229  0.77431
1434400824.241  0.02197  0.00830 -0.99365  0.08440 -0.75138  0.77064
1434400824.261  0.01831  0.00977 -0.99316  0.08624 -0.75138  0.77156
1434400824.281  0.02246  0.01318 -0.98975  0.08532 -0.75505  0.77156
1434400824.301  0.02051  0.01318 -0.99585  0.08532 -0.75046  0.77064
1434400824.321  0.02148  0.01343 -0.99194  0.08624 -0.74954  0.77339
1434400824.341  0.02246  0.01587 -0.99536  0.08716 -0.75138  0.77248
1434400824.361  0.02051  0.01196 -0.99194  0.08624 -0.75138  0.77248
1434400824.381  0.01953  0.01318 -0.99292  0.08624 -0.75413  0.77248
1434400824.401  0.01904  0.01465 -0.99292  0.08716 -0.75046  0.76972
1434400824.422  0.02246  0.01147 -0.99536  0.08440 -0.75229  0.76881
1434400824.441  0.02051  0.01196 -0.99512  0.08440 -0.75138  0.76789
1434400824.461  0.02148  0.01270 -0.99390  0.08532 -0.75321  0.76881
1434400824.481  0.01953  0.01074 -0.99194  0.08807 -0.75505  0.77064
1434400824.501  0.02026  0.01196 -0.98999  0.08899 -0.75413  0.76972
1434400824.521  0.02295  0.01538 -0.98608  0.08440 -0.75046  0.77156
1434400824.541  0.02051  0.01172 -0.99316  0.08532 -0.74862  0.77156
1434400824.561  0.02002  0.01294 -0.99316  0.08807 -0.75413  0.76972
1434400824.581  0.02148  0.01318 -0.99390  0.08624 -0.75596  0.77064
1434400824.601  0.02246  0.01147 -0.99438  0.08624 -0.75413  0.77248
1434400824.621  0.01758  0.01074 -0.98828  0.08257 -0.75321  0.77248
1434400824.641  0.01831  0.01294 -0.99072  0.08440 -0.74954  0.76789
1434400824.661  0.02148  0.01367 -0.99146  0.08807 -0.75413  0.77064
1434400824.681  0.02197  0.01245 -0.99121  0.08624 -0.75505  0.77156
1434400824.701  0.02075  0.01660 -0.99365  0.08624 -0.74862  0.76972
1434400824.721  0.02197  0.00977 -0.99585  0.08440 -0.75046  0.77156
1434400824.741  0.02197  0.01196 -0.99438  0.08532 -0.74862  0.77156
1434400824.761  0.02222  0.01270 -0.99561  0.08532 -0.75321  0.77064
1434400824.781  0.02393  0.01196 -0.98389  0.08624 -0.76147  0.77339
1434400824.801  0.02197  0.01025 -0.99536  0.08716 -0.75321  0.77064
1434400824.821  0.02100  0.01465 -0.99341  0.08349 -0.75229  0.76972
1434400824.842  0.02026  0.01489 -0.99463  0.08624 -0.74954  0.77156
1434400824.861  0.01831  0.01245 -0.99438  0.08532 -0.75505  0.77064
1434400824.881  0.02051  0.00977 -0.99463  0.08716 -0.75413  0.77248
1434400824.901  0.02197  0.01416 -0.99512  0.08624 -0.75321  0.77156
1434400824.921  0.02002  0.01245 -0.99390  0.08624 -0.75413  0.76972
1434400824.941  0.02246  0.01294 -0.99023  0.08624 -0.75046  0.76972
1434400824.961  0.02026  0.00977 -0.99268  0.08440 -0.75321  0.77156
1434400824.981  0.01978  0.01465 -0.99146  0.08440 -0.75413  0.76972
1434400825.001  0.01978  0.00830 -0.99243  0.08624 -0.74862  0.76972
1434400825.021  0.02002  0.01318 -0.99609  0.08532 -0.75138  0.77248
1434400825.041  0.01929  0.00879 -0.99390  0.08716 -0.75229  0.77248
1434400825.061  0.01953  0.00879 -0.98779  0.08532 -0.75413  0.77156
1434400825.081  0.02002  0.01465 -0.99268  0.08624 -0.75229  0.77156
1434400825.101  0.02148  0.01074 -0.99170  0.08440 -0.75321  0.76789
1434400825.121  0.02051  0.01270 -0.99365  0.08440 -0.75046  0.77156
1434400825.141  0.02148  0.01294 -0.99365  0.08440 -0.74954  0.76881
1434400825.161  0.01782  0.01294 -0.99438  0.08624 -0.75321  0.77248
1434400825.182  0.02441  0.00977 -0.98926  0.08624 -0.75321  0.77248
1434400825.201  0.02026  0.00928 -0.99292  0.08532 -0.74862  0.77156
1434400825.221  0.01978  0.01489 -0.98877  0.08716 -0.74954  0.77156
1434400825.241  0.02100  0.01465 -0.99219  0.08349 -0.74587  0.76881
1434400825.261  0.02002  0.00928 -0.99463  0.08440 -0.75321  0.77339
1434400825.281  0.01929  0.01147 -0.98901  0.08899 -0.75321  0.77248
1434400825.301  0.02100  0.01245 -0.98755  0.08624 -0.75413  0.77156
1434400825.321  0.01953  0.01147 -0.99536  0.08532 -0.75046  0.77156
1434400825.341  0.02148  0.01392 -0.99536  0.08532 -0.74862  0.77156
1434400825.361  0.02197  0.01074 -0.99634  0.08532 -0.75321  0.77064
1434400825.381  0.01929  0.01025 -0.99609  0.08624 -0.75505  0.77156
1434400825.402  0.02197  0.01367 -0.99438  0.08807 -0.75413  0.77064
1434400825.421  0.02344  0.01294 -0.99316  0.08440 -0.74587  0.77064
1434400825.441  0.02393  0.01196 -0.99243  0.08532 -0.75138  0.76789
1434400825.461  0.02002  0.01685 -0.99268  0.08532 -0.75138  0.76972
1434400825.481  0.01855  0.01025 -0.99609  0.08624 -0.75596  0.77064
1434400825.501  0.02344  0.01660 -0.99561  0.08716 -0.75138  0.77339
1434400825.522  0.02295  0.01147 -0.99365  0.08349 -0.74862  0.77156
1434400825.541  0.02124  0.01074 -0.99316  0.08440 -0.74954  0.76972
1434400825.561  0.02051  0.01147 -0.99341  0.08716 -0.74954  0.76881
1434400825.581  0.02148  0.01245 -0.99292  0.08624 -0.75505  0.76972
1434400825.601  0.02051  0.01318 -0.99414  0.08716 -0.75413  0.76789
1434400825.621  0.01953  0.01416 -0.99463  0.08440 -0.74954  0.76972
1434400825.641  0.02295  0.01196 -0.99341  0.08532 -0.75138  0.77064
1434400825.661  0.02197  0.01050 -0.99268  0.08624 -0.75413  0.76881
1434400825.681  0.02295  0.01245 -0.99561  0.08807 -0.75413  0.77064
1434400825.701  0.02002  0.01392 -0.99170  0.08624 -0.75046  0.77248
1434400825.721  0.01904  0.01416 -0.99512  0.08349 -0.74954  0.77064
1434400825.741  0.01978  0.01025 -0.98828  0.08624 -0.75321  0.77064
1434400825.761  0.01953  0.01343 -0.99243  0.08440 -0.75321  0.77064
1434400825.781  0.02100  0.01294 -0.99487  0.08716 -0.75963  0.76972
1434400825.801  0.02148  0.00732 -0.98828  0.08440 -0.75229  0.77248
1434400825.821  0.02051  0.00781 -0.99512  0.08624 -0.75046  0.77064
1434400825.841  0.02051  0.01099 -0.99390  0.08440 -0.75321  0.77064
1434400825.861  0.02148  0.01221 -0.99585  0.08532 -0.75138  0.77064
1434400825.881  0.01929  0.00781 -0.98950  0.08807 -0.75413  0.77156
1434400825.901  0.02246  0.01172 -0.99316  0.08624 -0.75046  0.76972
1434400825.921  0.02197  0.01221 -0.99365  0.08624 -0.75321  0.76972
1434400825.941  0.02100  0.01270 -0.99316  0.08257 -0.74862  0.77156
1434400825.961  0.02100  0.01440 -0.99463  0.08899 -0.75505  0.77248
1434400825.981  0.02051  0.01221 -0.99292  0.08532 -0.75413  0.77156
1434400826.001  0.02026  0.01025 -0.99365  0.08532 -0.75321  0.77156
1434400826.021  0.02173  0.01245 -0.99438  0.08532 -0.75046  0.77064
1434400826.041  0.02148  0.01318 -0.99170  0.08532 -0.75046  0.77064
1434400826.061  0.01733  0.01001 -0.99097  0.08716 -0.75229  0.77248
1434400826.081  0.01978  0.01147 -0.99487  0.08807 -0.75413  0.77064
1434400826.101  0.01855  0.01514 -0.99487  0.08440 -0.75596  0.76881
1434400826.121  0.02002  0.01221 -0.99292  0.08349 -0.74862  0.76972
1434400826.141  0.02246  0.01245 -0.99390  0.08440 -0.74954  0.77064
1434400826.161  0.02148  0.01416 -0.99341  0.08716 -0.74587  0.77339
1434400826.181  0.02393  0.01245 -0.99341  0.08807 -0.75688  0.76972
1434400826.201  0.02124  0.01538 -0.99023  0.08716 -0.75413  0.76972
1434400826.222  0.02246  0.00879 -0.99121  0.08532 -0.75138  0.77156
1434400826.241  0.02051  0.01318 -0.99316  0.08716 -0.75046  0.77156
1434400826.261  0.02100  0.01270 -0.99731  0.08257 -0.75046  0.77248
1434400826.281  0.01978  0.01367 -0.99585  0.08624 -0.75138  0.76972
1434400826.302  0.02246  0.01392 -0.99341  0.08716 -0.75596  0.76972
1434400826.322  0.01758  0.01221 -0.99634  0.08440 -0.74771  0.77064
1434400826.341  0.01978  0.01221 -0.99365  0.08716 -0.75138  0.77248
1434400826.361  0.01929  0.01538 -0.99634  0.08349 -0.75321  0.77064
1434400826.381  0.02319  0.01196 -0.99365  0.08624 -0.75229  0.77156
1434400826.402  0.01855  0.01147 -0.99194  0.08807 -0.75505  0.77064
1434400826.421  0.02051  0.01221 -0.99194  0.08532 -0.75138  0.77248
1434400826.441  0.02246  0.01245 -0.98828  0.08624 -0.75229  0.76972
1434400826.462  0.02051  0.01172 -0.99292  0.08899 -0.75321  0.77064
1434400826.481  0.02295  0.01172 -0.99414  0.08624 -0.75138  0.77248
1434400826.501  0.02002  0.01538 -0.99048  0.08807 -0.75321  0.76972
1434400826.522  0.02002  0.00977 -0.99536  0.08624 -0.75321  0.77156
1434400826.541  0.01855  0.00977 -0.99390  0.08532 -0.75138  0.77431
1434400826.561  0.02100  0.00879 -0.99341  0.08257 -0.75505  0.76972
1434400826.581  0.02246  0.01538 -0.99292  0.08440 -0.75596  0.76972
1434400826.601  0.01953  0.01025 -0.99390  0.08440 -0.75046  0.77064
1434400826.621  0.01855  0.01685 -0.99512  0.08532 -0.75138  0.77248
1434400826.642  0.02295  0.00879 -0.99170  0.08532 -0.74954  0.77064
1434400826.661  0.02295  0.01562 -0.99487  0.08624 -0.75505  0.77156
1434400826.681  0.02197  0.01123 -0.98950  0.08716 -0.75596  0.76789
1434400826.701  0.02197  0.01196 -0.99316  0.08532 -0.74954  0.77064
1434400826.721  0.01807  0.01196 -0.99438  0.08532 -0.75046  0.77064
1434400826.742  0.02051  0.01270 -0.99414  0.08440 -0.74954  0.77064
1434400826.761  0.02100  0.01196 -0.99194  0.08532 -0.75229  0.77431
1434400826.782  0.02148  0.01392 -0.98999  0.08899 -0.75321  0.76972
1434400826.801  0.02197  0.01123 -0.99316  0.08807 -0.75505  0.76972
1434400826.821  0.02197  0.01025 -0.99219  0.08349 -0.74862  0.77248
1434400826.841  0.02148  0.01318 -0.99097  0.08440 -0.74954  0.77248
1434400826.862  0.02344  0.01465 -0.99292  0.08807 -0.75321  0.77248
1434400826.882  0.02197  0.01270 -0.99438  0.08624 -0.75596  0.77064
1434400826.901  0.02295  0.01514 -0.99341  0.08532 -0.75505  0.77064
1434400826.921  0.02148  0.01318 -0.99316  0.08349 -0.75138  0.77248
1434400826.941  0.02148  0.00977 -0.98755  0.08349 -0.75138  0.77431
1434400826.962  0.02148  0.01050 -0.99219  0.08532 -0.75229  0.77064
1434400826.981  0.02002  0.01196 -0.99219  0.08532 -0.75596  0.77064
1434400827.001  0.02100  0.01025 -0.99341  0.08440 -0.75688  0.77431
1434400827.021  0.02051  0.01270 -0.98926  0.08349 -0.75046  0.77064
1434400827.041  0.02002  0.01416 -0.99072  0.08624 -0.75046  0.77248
1434400827.061  0.02148  0.01025 -0.99072  0.08532 -0.75046  0.77064
1434400827.082  0.02246  0.01538 -0.99341  0.08991 -0.75872  0.77064
1434400827.102  0.01978  0.01123 -0.99414  0.08807 -0.75321  0.77248
1434400827.121  0.02344  0.01294 -0.98779  0.08349 -0.75138  0.77064
1434400827.141  0.02295  0.01270 -0.99683  0.08624 -0.75321  0.77064
1434400827.161  0.02148  0.00806 -0.99463  0.08716 -0.74771  0.77156
1434400827.182  0.02002  0.01221 -0.98975  0.08624 -0.75321  0.76972
1434400827.202  0.02075  0.01318 -0.99268  0.08440 -0.75505  0.76881
1434400827.222  0.01831  0.01245 -0.99365  0.08532 -0.75138  0.77248
1434400827.242  0.02295  0.01245 -0.99170  0.08716 -0.75229  0.77156
1434400827.261  0.02051  0.01343 -0.99731  0.08624 -0.75229  0.76881
1434400827.281  0.02197  0.01050 -0.99072  0.08624 -0.75229  0.77156
1434400827.302  0.01855  0.01392 -0.99292  0.08899 -0.75321  0.77523
1434400827.322  0.02148  0.01147 -0.99561  0.08532 -0.75046  0.77064
1434400827.341  0.02051  0.01025 -0.99268  0.08624 -0.74862  0.77248
1434400827.361  0.02197  0.01416 -0.98853  0.08716 -0.75046  0.76972
1434400827.381  0.02197  0.01318 -0.98755  0.08716 -0.75321  0.76697
1434400827.402  0.02344  0.01221 -0.99170  0.08532 -0.75413  0.77156
1434400827.421  0.01782  0.01489 -0.99268  0.08440 -0.74862  0.77248
1434400827.441  0.02002  0.00977 -0.99438  0.08440 -0.75138  0.77064
1434400827.461  0.02026  0.01343 -0.99536  0.08807 -0.75413  0.77248
1434400827.481  0.02100  0.01343 -0.99194  0.08716 -0.75413  0.76881
1434400827.501  0.02075  0.01270 -0.99365  0.08532 -0.74954  0.77431
1434400827.522  0.02051  0.01099 -0.99243  0.08257 -0.75138  0.77248
1434400827.542  0.01880  0.01172 -0.99561  0.08532 -0.74954  0.76972
1434400827.561  0.02197  0.01465 -0.99268  0.08807 -0.75688  0.77156
1434400827.581  0.02246  0.00952 -0.99390  0.08440 -0.75413  0.76972
1434400827.601  0.02197  0.01538 -0.99414  0.08624 -0.75505  0.76972
1434400827.622  0.02002  0.01270 -0.99561  0.08532 -0.75138  0.76881
1434400827.641  0.02100  0.01440 -0.99170  0.08532 -0.74771  0.76881
1434400827.661  0.02051  0.01270 -0.99243  0.08624 -0.75321  0.77248
1434400827.681  0.02002  0.00928 -0.99194  0.08624 -0.75413  0.77248
1434400827.701  0.02148  0.01318 -0.99292  0.08716 -0.75413  0.76972
1434400827.721  0.02051  0.01562 -0.99268  0.08440 -0.74954  0.77339
1434400827.742  0.02344  0.01367 -0.99243  0.08349 -0.74771  0.76789
1434400827.762  0.02148  0.01099 -0.99512  0.08624 -0.75229  0.76881
1434400827.781  0.02002  0.01270 -0.99683  0.08899 -0.75688  0.76972
1434400827.801  0.01904  0.01587 -0.99390  0.08624 -0.75138  0.76972
1434400827.821  0.01855  0.01538 -0.98950  0.08440 -0.74954  0.76972
1434400827.842  0.01953  0.01074 -0.99585  0.08440 -0.74954  0.77248
1434400827.862  0.02393  0.01050 -0.99390  0.08532 -0.74862  0.76881
1434400827.881  0.02026  0.01270 -0.98853  0.08716 -0.75321  0.76972
1434400827.901  0.02100  0.01392 -0.99292  0.08624 -0.75321  0.76972
1434400827.921  0.02197  0.01147 -0.99341  0.08532 -0.75046  0.77064
1434400827.942  0.01953  0.01123 -0.99487  0.08349 -0.74954  0.77064
1434400827.962  0.02197  0.01196 -0.99121  0.08624 -0.75138  0.77064
1434400827.981  0.01733  0.01196 -0.99219  0.08716 -0.75138  0.76972
1434400828.001  0.01953  0.01050 -0.99292  0.08624 -0.75321  0.77248
1434400828.021  0.02393  0.01050 -0.99536  0.08716 -0.75046  0.77064
1434400828.041  0.02100  0.01001 -0.99146  0.08440 -0.75138  0.76789
1434400828.062  0.02002  0.01636 -0.99341  0.08716 -0.75229  0.76881
1434400828.082  0.01831  0.01123 -0.98877  0.08624 -0.75229  0.77064
1434400828.101  0.02148  0.01489 -0.99341  0.08532 -0.75229  0.76789
1434400828.121  0.02100  0.01343 -0.98999  0.08532 -0.75046  0.77064
1434400828.141  0.02002  0.01416 -0.99512  0.08532 -0.74954  0.77156
1434400828.162  0.01733  0.01294 -0.99365  0.08624 -0.75321  0.77064
1434400828.181  0.02002  0.01392 -0.99341  0.08624 -0.75688  0.76881
1434400828.201  0.01953  0.01587 -0.99634  0.08624 -0.75046  0.76972
1434400828.221  0.02246  0.01221 -0.99121  0.08807 -0.75138  0.77156
1434400828.241  0.02100  0.01367 -0.99219  0.08532 -0.74954  0.77064
1434400828.261  0.02344  0.01367 -0.99243  0.08532 -0.75229  0.77064
1434400828.282  0.02197  0.01294 -0.98975  0.08991 -0.75413  0.77248
1434400828.301  0.02100  0.01147 -0.98926  0.08532 -0.75321  0.77431
1434400828.321  0.02246  0.01318 -0.99585  0.08624 -0.75229  0.77064
1434400828.341  0.02051  0.01270 -0.99316  0.08624 -0.75138  0.77248
1434400828.361  0.02002  0.01099 -0.99414  0.08624 -0.75321  0.76881
1434400828.381  0.02148  0.01074 -0.99585  0.08899 -0.75413  0.76972
1434400828.402  0.01904  0.01123 -0.99585  0.08349 -0.75596  0.76972
1434400828.421  0.02197  0.00684 -0.99365  0.08624 -0.75046  0.77248
1434400828.441  0.02246  0.01294 -0.99072  0.08532 -0.74862  0.77156
1434400828.461  0.02148  0.01123 -0.99463  0.08716 -0.75229  0.77339
1434400828.481  0.02100  0.01025 -0.99268  0.08716 -0.75229  0.76881
1434400828.501  0.02002  0.01392 -0.99146  0.08624 -0.75596  0.76881
1434400828.522  0.02148  0.01514 -0.99097  0.08349 -0.75780  0.77064
1434400828.542  0.02295  0.00977 -0.99268  0.08349 -0.74862  0.77248
1434400828.561  0.02100  0.01392 -0.99512  0.08624 -0.75046  0.77064
1434400828.581  0.02148  0.01465 -0.99341  0.08532 -0.75688  0.77156
1434400828.601  0.02100  0.01074 -0.99072  0.08532 -0.75505  0.76972
1434400828.621  0.02197  0.01196 -0.99268  0.08440 -0.75138  0.77064
1434400828.641  0.02197  0.01147 -0.99048  0.08532 -0.74954  0.76972
1434400828.661  0.02344  0.01147 -0.99438  0.08716 -0.75046  0.77064
1434400828.681  0.02197  0.01587 -0.99292  0.08532 -0.75413  0.76972
1434400828.701  0.02002  0.01318 -0.99683  0.08716 -0.75229  0.77064
1434400828.722  0.02100  0.01270 -0.99438  0.08440 -0.74771  0.76881
1434400828.741  0.02148  0.01392 -0.98926  0.08716 -0.74954  0.77248
1434400828.761  0.01709  0.01221 -0.99463  0.08165 -0.75138  0.76881
1434400828.781  0.02100  0.01685 -0.99219  0.08716 -0.75229  0.77156
1434400828.801  0.02393  0.00830 -0.99316  0.08807 -0.75505  0.77248
1434400828.821  0.01636  0.01270 -0.99365  0.08716 -0.75321  0.77248
1434400828.841  0.02344  0.00928 -0.99341  0.08532 -0.75046  0.77248
1434400828.861  0.02344  0.01123 -0.99536  0.08257 -0.75413  0.76972
1434400828.881  0.01855  0.01221 -0.99365  0.08624 -0.75229  0.77156
1434400828.901  0.02100  0.01050 -0.99634  0.08349 -0.75138  0.77248
1434400828.921  0.02002  0.01050 -0.99463  0.08440 -0.74954  0.77156
1434400828.942  0.02051  0.01465 -0.99121  0.08349 -0.75229  0.76789
1434400828.961  0.02295  0.01343 -0.99561  0.08532 -0.75229  0.77156
1434400828.981  0.01953  0.01367 -0.99219  0.08532 -0.75046  0.76972
1434400829.001  0.02148  0.01294 -0.99072  0.08716 -0.75321  0.76972
1434400829.021  0.01953  0.01001 -0.99341  0.08716 -0.74862  0.77064
1434400829.041  0.02197  0.01147 -0.99512  0.08716 -0.75138  0.76881
1434400829.062  0.01855  0.01343 -0.98975  0.08532 -0.75321  0.77064
1434400829.081  0.01733  0.01025 -0.99243  0.08532 -0.75321  0.77248
1434400829.102  0.02051  0.01172 -0.99658  0.08624 -0.75138  0.77156
1434400829.121  0.02197  0.01318 -0.99243  0.08624 -0.75138  0.76972
1434400829.141  0.02148  0.01123 -0.99072  0.08532 -0.74954  0.76972
1434400829.162  0.02197  0.01050 -0.99072  0.08624 -0.75413  0.76972
1434400829.182  0.01978  0.00635 -0.99731  0.08532 -0.75229  0.77248
1434400829.201  0.01953  0.01270 -0.99561  0.08807 -0.75688  0.77156
1434400829.221  0.02100  0.01392 -0.99707  0.08532 -0.74862  0.77156
1434400829.241  0.02148  0.01245 -0.99292  0.08165 -0.74862  0.76972
1434400829.261  0.02490  0.01392 -0.98926  0.08716 -0.75413  0.76972
1434400829.282  0.02197  0.01367 -0.99194  0.08716 -0.75688  0.77064
1434400829.301  0.02197  0.01172 -0.99414  0.08716 -0.75596  0.77064
1434400829.321  0.02197  0.01050 -0.99121  0.08440 -0.75046  0.76972
1434400829.341  0.01904  0.01196 -0.99683  0.08532 -0.74771  0.77248
1434400829.361  0.01807  0.01025 -0.99292  0.08532 -0.74954  0.77064
1434400829.382  0.01831  0.01025 -0.99438  0.08440 -0.75321  0.77156
1434400829.402  0.02051  0.01221 -0.99170  0.08807 -0.75321  0.77248
1434400829.422  0.02051  0.01001 -0.99365  0.08716 -0.74862  0.76972
1434400829.441  0.01904  0.01147 -0.99243  0.08532 -0.75046  0.77248
1434400829.461  0.02441  0.01074 -0.99536  0.08349 -0.75046  0.77339
1434400829.481  0.02344  0.01221 -0.99463  0.08716 -0.75596  0.76881
1434400829.502  0.02441  0.01440 -0.99194  0.08624 -0.75229  0.77156
1434400829.522  0.01782  0.01294 -0.98999  0.08532 -0.75046  0.76881
1434400829.541  0.01978  0.01050 -0.99561  0.08532 -0.74954  0.77064
1434400829.561  0.02100  0.01440 -0.99463  0.08532 -0.75046  0.76972
1434400829.581  0.02441  0.01343 -0.99561  0.08532 -0.75229  0.77064
1434400829.601  0.02246  0.01392 -0.99316  0.08532 -0.75321  0.76972
1434400829.621  0.02051  0.01343 -0.99268  0.08624 -0.75321  0.77156
1434400829.641  0.02197  0.01538 -0.99194  0.08532 -0.75046  0.77064
1434400829.661  0.02002  0.01416 -0.99536  0.08532 -0.75321  0.77064
1434400829.681  0.02173  0.01221 -0.99219  0.08532 -0.75688  0.77064
1434400829.701  0.02246  0.01440 -0.99121  0.08716 -0.75413  0.77156
1434400829.722  0.02246  0.01196 -0.99414  0.08440 -0.75138  0.77248
1434400829.741  0.02393  0.01367 -0.98926  0.08716 -0.75138  0.77064
1434400829.761  0.01953  0.01294 -0.99512  0.08624 -0.75321  0.76881
1434400829.781  0.02100  0.00977 -0.99365  0.08899 -0.75413  0.76881
1434400829.801  0.02295  0.01538 -0.99243  0.08440 -0.75138  0.77064
1434400829.822  0.02148  0.01147 -0.99341  0.08532 -0.75138  0.77248
1434400829.842  0.02246  0.01196 -0.98755  0.08349 -0.75138  0.76972
1434400829.861  0.02197  0.01392 -0.99243  0.08624 -0.75321  0.77064
1434400829.881  0.02051  0.01221 -0.99414  0.08624 -0.75229  0.77156
1434400829.901  0.02393  0.00854 -0.98999  0.08899 -0.75505  0.76789
1434400829.922  0.02002  0.01318 -0.99463  0.08532 -0.75046  0.76881
1434400829.941  0.02100  0.00830 -0.99512  0.08532 -0.75046  0.77064
1434400829.961  0.02051  0.01636 -0.99146  0.08624 -0.75229  0.77064
1434400829.981  0.02197  0.01050 -0.99438  0.08624 -0.75596  0.77156
1434400830.001  0.02148  0.01489 -0.99438  0.08716 -0.75413  0.77064
1434400830.021  0.01782  0.01245 -0.99536  0.08624 -0.74862  0.77248
1434400830.042  0.01904  0.01172 -0.98926  0.08624 -0.74862  0.77156
1434400830.061  0.02124  0.01147 -0.99609  0.08624 -0.75321  0.76972
1434400830.081  0.02148  0.01416 -0.99365  0.09266 -0.75596  0.76881
1434400830.101  0.02197  0.01172 -0.99292  0.08349 -0.75505  0.76972
1434400830.121  0.02002  0.01196 -0.99438  0.08716 -0.75138  0.77156
1434400830.141  0.01978  0.01489 -0.99292  0.08349 -0.74771  0.76881
1434400830.162  0.02393  0.01416 -0.99414  0.08532 -0.75138  0.76972
1434400830.182  0.02148  0.01025 -0.98901  0.08716 -0.75413  0.77431
1434400830.201  0.02148  0.01123 -0.99463  0.08716 -0.75229  0.77339
1434400830.221  0.02246  0.01392 -0.98926  0.08532 -0.75413  0.77064
1434400830.241  0.02246  0.01025 -0.99292  0.08440 -0.74862  0.76881
1434400830.261  0.02148  0.00977 -0.99512  0.08440 -0.74954  0.77064
1434400830.282  0.01904  0.01221 -0.99194  0.08716 -0.75413  0.76972
1434400830.302  0.01855  0.01123 -0.98706  0.08532 -0.75138  0.77248
1434400830.321  0.01929  0.01636 -0.99292  0.08532 -0.75963  0.77339
1434400830.341  0.01758  0.01465 -0.99194  0.08440 -0.75413  0.77339
1434400830.362  0.02100  0.01196 -0.98975  0.08716 -0.75046  0.77064
1434400830.382  0.01855  0.00830 -0.98975  0.08624 -0.75596  0.77339
1434400830.402  0.01855  0.01392 -0.99023  0.08440 -0.75413  0.77064
1434400830.421  0.02295  0.01343 -0.99316  0.08624 -0.75046  0.77248
1434400830.441  0.02051  0.01099 -0.99121  0.08440 -0.75321  0.76789
1434400830.461  0.02344  0.01123 -0.98877  0.08624 -0.75321  0.77248
1434400830.482  0.01733  0.01294 -0.99512  0.08899 -0.75413  0.77064
1434400830.501  0.01855  0.01025 -0.98901  0.08807 -0.75229  0.77064
1434400830.521  0.02051  0.01172 -0.99658  0.08991 -0.74771  0.77248
1434400830.541  0.02148  0.00903 -0.99487  0.08440 -0.75321  0.77156
1434400830.561  0.02344  0.01050 -0.99341  0.08807 -0.74862  0.77064
1434400830.581  0.02246  0.01123 -0.98779  0.08716 -0.75505  0.77064
1434400830.602  0.02441  0.01343 -0.98926  0.08807 -0.75138  0.77064
1434400830.622  0.02148  0.01147 -0.99292  0.08624 -0.75413  0.77064
1434400830.642  0.02051  0.01416 -0.99390  0.08349 -0.75229  0.76972
1434400830.662  0.02148  0.01001 -0.99316  0.08440 -0.75413  0.77064
1434400830.681  0.02344  0.00977 -0.99170  0.08624 -0.75596  0.76881
1434400830.702  0.02051  0.00830 -0.99683  0.08624 -0.74679  0.77156
1434400830.721  0.01978  0.01416 -0.99341  0.08991 -0.75321  0.77156
1434400830.741  0.02124  0.01001 -0.99390  0.08440 -0.74862  0.77156
1434400830.761  0.02051  0.01318 -0.99585  0.08716 -0.75596  0.77248
1434400830.781  0.02100  0.01294 -0.99341  0.08899 -0.75505  0.76881
1434400830.802  0.02051  0.01050 -0.98804  0.08716 -0.75321  0.76972
1434400830.821  0.02075  0.01025 -0.99023  0.08349 -0.75046  0.76972
1434400830.841  0.02100  0.01123 -0.99292  0.08532 -0.74862  0.77156
1434400830.861  0.02051  0.01172 -0.99512  0.08532 -0.74679  0.77156
1434400830.881  0.02197  0.01318 -0.99390  0.08716 -0.75321  0.77064
1434400830.902  0.02148  0.01172 -0.99146  0.08532 -0.75596  0.77064
1434400830.922  0.01953  0.01123 -0.99561  0.08349 -0.74954  0.77431
1434400830.942  0.02051  0.01123 -0.99292  0.08532 -0.75229  0.77156
1434400830.961  0.02100  0.01050 -0.98730  0.08440 -0.75138  0.77064
1434400830.982  0.02441  0.01221 -0.99512  0.08716 -0.75688  0.77339
1434400831.001  0.01855  0.01343 -0.99194  0.08716 -0.75413  0.77248
1434400831.022  0.02075  0.01025 -0.99268  0.08716 -0.75138  0.77248
1434400831.041  0.02051  0.01245 -0.99512  0.08624 -0.75046  0.77064
1434400831.061  0.02100  0.01636 -0.99634  0.08532 -0.75046  0.76972
1434400831.081  0.02588  0.00977 -0.99390  0.08624 -0.75321  0.76972
1434400831.101  0.02148  0.01318 -0.99170  0.08624 -0.75229  0.77156
1434400831.121  0.02197  0.01147 -0.99023  0.08532 -0.75138  0.77248
1434400831.142  0.01929  0.01196 -0.99170  0.08440 -0.75229  0.76972
1434400831.162  0.02051  0.00952 -0.99487  0.08440 -0.75321  0.77248
1434400831.181  0.02393  0.00879 -0.99097  0.08624 -0.75321  0.77156
1434400831.201  0.02148  0.01392 -0.99268  0.08532 -0.75505  0.77156
1434400831.221  0.02002  0.01099 -0.99072  0.08440 -0.75138  0.77156
1434400831.242  0.01855  0.01392 -0.99414  0.08532 -0.75229  0.77248
1434400831.262  0.02588  0.01489 -0.99536  0.08624 -0.74954  0.77064
1434400831.281  0.02197  0.01270 -0.99316  0.08716 -0.75321  0.77339
1434400831.301  0.01807  0.01270 -0.99316  0.08349 -0.74954  0.76972
1434400831.321  0.02344  0.01196 -0.99390  0.08440 -0.75413  0.76881
1434400831.341  0.02246  0.01270 -0.99268  0.08440 -0.75138  0.76972
1434400831.362  0.02100  0.01147 -0.99512  0.08532 -0.75505  0.77156
1434400831.382  0.02148  0.01440 -0.99341  0.08532 -0.75229  0.76972
1434400831.401  0.02051  0.01270 -0.99487  0.08624 -0.75596  0.76972
1434400831.421  0.01904  0.01196 -0.99414  0.08257 -0.75413  0.76972
1434400831.442  0.02051  0.01392 -0.99487  0.08532 -0.75046  0.77064
1434400831.461  0.02100  0.01099 -0.99438  0.08532 -0.75413  0.77156
1434400831.481  0.02393  0.01099 -0.99292  0.08899 -0.75413  0.76972
1434400831.501  0.02246  0.01294 -0.99634  0.08716 -0.75872  0.77248
1434400831.521  0.01685  0.01270 -0.99316  0.08440 -0.75046  0.77064
1434400831.542  0.01929  0.01392 -0.99414  0.08716 -0.74679  0.76972
1434400831.561  0.02100  0.01099 -0.98779  0.08807 -0.75229  0.77248
1434400831.581  0.02124  0.01270 -0.99316  0.08899 -0.75505  0.77431
1434400831.601  0.02100  0.01123 -0.98901  0.08807 -0.75505  0.77248
1434400831.621  0.02148  0.01196 -0.99194  0.08440 -0.75046  0.76881
1434400831.641  0.02051  0.01074 -0.99390  0.08807 -0.75138  0.77156
1434400831.662  0.02197  0.01221 -0.99561  0.08716 -0.75138  0.76972
1434400831.681  0.02002  0.01392 -0.99219  0.08624 -0.75505  0.76881
1434400831.701  0.02002  0.01147 -0.99097  0.09083 -0.75229  0.76972
1434400831.721  0.02100  0.01465 -0.99268  0.08440 -0.75138  0.77339
1434400831.741  0.01929  0.01196 -0.99463  0.08349 -0.74862  0.77248
1434400831.762  0.02100  0.01196 -0.99243  0.08349 -0.75046  0.77156
1434400831.781  0.02148  0.00732 -0.99487  0.08807 -0.75505  0.77064
1434400831.801  0.02246  0.01123 -0.99341  0.08624 -0.75046  0.77156
1434400831.821  0.01953  0.01123 -0.99146  0.08716 -0.75229  0.76881
1434400831.841  0.02197  0.01294 -0.99316  0.08624 -0.74954  0.77339
1434400831.861  0.02002  0.01074 -0.99561  0.08532 -0.75138  0.76972
1434400831.882  0.02295  0.01099 -0.99121  0.08624 -0.75413  0.76972
1434400831.901  0.02002  0.01270 -0.99194  0.08440 -0.75321  0.77064
1434400831.921  0.02100  0.01123 -0.99194  0.08624 -0.75321  0.76972
1434400831.941  0.02344  0.00977 -0.99463  0.08532 -0.75138  0.77248
1434400831.961  0.02295  0.01343 -0.99292  0.08624 -0.75321  0.77156
1434400831.982  0.02051  0.00830 -0.99390  0.08440 -0.75138  0.77156
1434400832.001  0.02148  0.00977 -0.99536  0.08532 -0.75963  0.76972
1434400832.021  0.02246  0.01367 -0.99268  0.08716 -0.75138  0.76972
1434400832.041  0.02002  0.01074 -0.99365  0.08624 -0.75229  0.77339
1434400832.061  0.02441  0.01050 -0.99683  0.08624 -0.75138  0.77248
1434400832.081  0.02246  0.01123 -0.99438  0.08440 -0.75413  0.77064
1434400832.101  0.02246  0.01147 -0.99023  0.08440 -0.74954  0.76881
1434400832.121  0.02393  0.01489 -0.99341  0.08716 -0.75138  0.77431
1434400832.141  0.01953  0.01514 -0.99390  0.08624 -0.74862  0.77064
1434400832.161  0.02246  0.01367 -0.99390  0.08624 -0.75229  0.76972
1434400832.181  0.02100  0.01318 -0.99292  0.08991 -0.75413  0.77156
1434400832.202  0.02002  0.00977 -0.99463  0.08899 -0.75321  0.77064
1434400832.221  0.02002  0.01318 -0.99536  0.08440 -0.75138  0.77248
1434400832.241  0.02051  0.01245 -0.99341  0.08624 -0.75138  0.77156
1434400832.261  0.02148  0.01196 -0.99243  0.08716 -0.75321  0.77248
1434400832.281  0.02100  0.01245 -0.99658  0.08716 -0.75321  0.77064
1434400832.301  0.02100  0.01147 -0.99341  0.08624 -0.75780  0.77064
1434400832.322  0.02246  0.01343 -0.98853  0.08532 -0.75229  0.77064
1434400832.342  0.02441  0.00977 -0.99194  0.08440 -0.74954  0.77248
1434400832.361  0.02197  0.00928 -0.99316  0.08532 -0.74862  0.76514
1434400832.381  0.01880  0.01880 -0.99268  0.08624 -0.75229  0.77064
1434400832.401  0.02246  0.00684 -0.99463  0.08899 -0.75688  0.76606
1434400832.421  0.02197  0.01196 -0.99243  0.08532 -0.74679  0.77156
1434400832.442  0.02441  0.01440 -0.99634  0.08807 -0.74862  0.77156
1434400832.462  0.02148  0.01074 -0.99390  0.08440 -0.75229  0.77064
1434400832.481  0.01904  0.00879 -0.99023  0.08716 -0.75321  0.76789
1434400832.501  0.02393  0.01392 -0.99414  0.08624 -0.75505  0.77156
1434400832.521  0.01953  0.01318 -0.99341  0.08624 -0.75229  0.77248
1434400832.542  0.02051  0.01587 -0.98975  0.08440 -0.74771  0.77156
1434400832.561  0.02197  0.01465 -0.99438  0.08440 -0.74862  0.77064
1434400832.581  0.02051  0.01392 -0.99487  0.08899 -0.75321  0.76606
1434400832.601  0.01929  0.01147 -0.99146  0.08807 -0.75413  0.76789
1434400832.621  0.02002  0.01318 -0.99121  0.08624 -0.75413  0.77064
1434400832.641  0.02002  0.01416 -0.98926  0.08440 -0.74954  0.76789
1434400832.662  0.01904  0.01221 -0.99292  0.08624 -0.75413  0.77156
1434400832.682  0.01807  0.01294 -0.99341  0.08532 -0.75321  0.77064
1434400832.701  0.02197  0.01196 -0.99292  0.08807 -0.75229  0.77523
1434400832.721  0.02051  0.01367 -0.99512  0.08532 -0.75229  0.76881
1434400832.742  0.02148  0.01294 -0.99365  0.08349 -0.74771  0.77339
1434400832.762  0.02051  0.00952 -0.99341  0.08532 -0.75046  0.77064
1434400832.782  0.02051  0.01514 -0.99341  0.08624 -0.75596  0.77248
1434400832.802  0.02197  0.01538 -0.99707  0.08440 -0.75413  0.77064
1434400832.822  0.02026  0.01294 -0.99316  0.08532 -0.75413  0.77064
1434400832.841  0.02393  0.00977 -0.99536  0.08349 -0.75046  0.77156
1434400832.861  0.02441  0.01367 -0.99341  0.08440 -0.75229  0.77248
1434400832.881  0.02246  0.01465 -0.98535  0.08716 -0.75505  0.77064
1434400832.901  0.02100  0.01196 -0.99438  0.08807 -0.75138  0.76789
1434400832.921  0.01758  0.01392 -0.99072  0.08624 -0.75046  0.77064
1434400832.941  0.01880  0.01025 -0.99072  0.08532 -0.75321  0.77156
1434400832.961  0.02148  0.01221 -0.99390  0.08624 -0.75046  0.76789
1434400832.982  0.02295  0.00977 -0.99365  0.08624 -0.75505  0.76881
1434400833.002  0.02197  0.01099 -0.99341  0.08807 -0.75229  0.77248
1434400833.021  0.01807  0.01367 -0.99561  0.08716 -0.74954  0.76972
1434400833.042  0.02100  0.01587 -0.99463  0.08440 -0.75138  0.77064
1434400833.061  0.02197  0.01514 -0.99365  0.08624 -0.75046  0.76972
1434400833.081  0.02100  0.01367 -0.99390  0.08624 -0.75229  0.77248
1434400833.102  0.02051  0.00952 -0.99561  0.08807 -0.75413  0.77339
1434400833.121  0.01953  0.01221 -0.99316  0.08257 -0.75046  0.76972
1434400833.141  0.02344  0.01074 -0.99292  0.08532 -0.74954  0.77431
1434400833.161  0.02148  0.01196 -0.99316  0.08349 -0.74954  0.77156
1434400833.181  0.01953  0.01172 -0.99316  0.08716 -0.75321  0.77248
1434400833.202  0.02393  0.01099 -0.99170  0.08624 -0.75596  0.76972
1434400833.222  0.02051  0.01001 -0.99194  0.08440 -0.74954  0.77156
1434400833.241  0.02002  0.01196 -0.99243  0.08349 -0.74862  0.77156
1434400833.261  0.02246  0.01147 -0.98828  0.08440 -0.75046  0.77248
1434400833.281  0.02148  0.00977 -0.99512  0.08899 -0.75321  0.76972
1434400833.302  0.01782  0.01221 -0.99268  0.08716 -0.75688  0.77064
1434400833.322  0.02100  0.01465 -0.99365  0.08532 -0.75229  0.76881
1434400833.342  0.02197  0.00952 -0.99536  0.08624 -0.75138  0.77706
1434400833.361  0.02051  0.01685 -0.99414  0.08349 -0.74954  0.77248
1434400833.382  0.02344  0.01172 -0.99292  0.08440 -0.75138  0.77064
1434400833.401  0.02100  0.01050 -0.99194  0.08807 -0.75505  0.77156
1434400833.422  0.02002  0.01001 -0.98950  0.08440 -0.75321  0.77156
1434400833.442  0.02051  0.01099 -0.99048  0.08440 -0.74679  0.76972
1434400833.461  0.02148  0.01074 -0.99292  0.08624 -0.75321  0.77248
1434400833.481  0.02246  0.01025 -0.99463  0.08624 -0.75229  0.77156
1434400833.501  0.02100  0.01392 -0.99487  0.08257 -0.75138  0.76972
1434400833.522  0.02002  0.00928 -0.99121  0.08624 -0.75229  0.77064
1434400833.541  0.02197  0.01099 -0.99487  0.08624 -0.75138  0.77339
1434400833.561  0.02051  0.01318 -0.99487  0.08716 -0.75229  0.76789
1434400833.581  0.02246  0.01270 -0.99194  0.08716 -0.75138  0.77248
1434400833.601  0.02295  0.01001 -0.99243  0.08899 -0.75138  0.77248
1434400833.622  0.01953  0.01465 -0.99292  0.08624 -0.75229  0.77706
1434400833.641  0.02197  0.01123 -0.99365  0.08716 -0.75138  0.77248
1434400833.661  0.02051  0.01245 -0.99341  0.08716 -0.75138  0.77156
1434400833.681  0.02197  0.01392 -0.98877  0.08716 -0.75229  0.77064
1434400833.701  0.02148  0.01245 -0.99341  0.08624 -0.75138  0.77064
1434400833.721  0.02344  0.01343 -0.99341  0.08440 -0.75138  0.77248
1434400833.742  0.02246  0.00879 -0.99438  0.08257 -0.75321  0.76881
1434400833.762  0.01978  0.01538 -0.99121  0.08532 -0.75138  0.77064
1434400833.782  0.02002  0.01221 -0.99512  0.08257 -0.75321  0.77156
1434400833.801  0.02100  0.01416 -0.99487  0.08716 -0.75321  0.77431
1434400833.821  0.02148  0.01196 -0.99341  0.08807 -0.75138  0.77064
1434400833.841  0.02002  0.01367 -0.99268  0.08257 -0.74771  0.76697
1434400833.861  0.02197  0.01221 -0.99292  0.08624 -0.75413  0.77523
1434400833.881  0.02148  0.00903 -0.99487  0.08440 -0.75046  0.77064
1434400833.901  0.02002  0.01196 -0.99731  0.08624 -0.75780  0.76881
1434400833.922  0.02246  0.01099 -0.99585  0.08349 -0.75046  0.77064
1434400833.941  0.02344  0.00952 -0.99390  0.08349 -0.74771  0.77248
1434400833.962  0.02295  0.01294 -0.99268  0.08440 -0.74954  0.77064
1434400833.982  0.02197  0.01099 -0.99243  0.08624 -0.75688  0.76972
1434400834.001  0.02148  0.01172 -0.99463  0.08624 -0.75321  0.76789
1434400834.021  0.02295  0.01440 -0.99341  0.08716 -0.75138  0.76789
1434400834.041  0.02246  0.01245 -0.99390  0.08532 -0.75413  0.76881
1434400834.062  0.02197  0.01587 -0.99438  0.08349 -0.74771  0.77248
1434400834.081  0.02295  0.01392 -0.99243  0.08899 -0.75505  0.77156
1434400834.102  0.02197  0.01123 -0.99561  0.08624 -0.75688  0.77064
1434400834.122  0.02393  0.01465 -0.99487  0.08716 -0.75413  0.77248
1434400834.141  0.01953  0.01050 -0.99097  0.08073 -0.74954  0.77248
1434400834.161  0.02197  0.01392 -0.99292  0.08532 -0.74771  0.76789
1434400834.182  0.02246  0.01099 -0.99146  0.08899 -0.75872  0.77248
1434400834.202  0.01855  0.01245 -0.99292  0.08624 -0.75229  0.77064
1434400834.221  0.02148  0.01196 -0.99463  0.08624 -0.75505  0.76881
1434400834.241  0.02100  0.01245 -0.99585  0.08624 -0.74862  0.77431
1434400834.262  0.02051  0.01245 -0.99536  0.08440 -0.74954  0.77339
1434400834.281  0.02002  0.01245 -0.99463  0.08624 -0.74862  0.77156
1434400834.302  0.02051  0.01123 -0.99365  0.08532 -0.75505  0.76881
1434400834.322  0.02344  0.01099 -0.99365  0.08532 -0.75321  0.76972
1434400834.341  0.02100  0.01562 -0.99414  0.08532 -0.75138  0.76972
1434400834.362  0.01929  0.01709 -0.99438  0.08532 -0.75046  0.77982
1434400834.381  0.02002  0.00903 -0.99341  0.08716 -0.75505  0.77064
1434400834.402  0.01953  0.01172 -0.99146  0.08440 -0.75321  0.77064
1434400834.421  0.02515  0.01343 -0.99414  0.08624 -0.75229  0.77248
1434400834.441  0.01953  0.01245 -0.99219  0.08532 -0.75046  0.77339
1434400834.462  0.02051  0.01196 -0.99341  0.08624 -0.75229  0.76972
1434400834.481  0.01904  0.01343 -0.99609  0.08440 -0.75413  0.77339
1434400834.502  0.02002  0.01465 -0.99292  0.08624 -0.75229  0.77156
1434400834.522  0.02319  0.01196 -0.99292  0.08716 -0.75138  0.77064
1434400834.542  0.01855  0.01270 -0.99292  0.08349 -0.75046  0.76972
1434400834.561  0.02295  0.01294 -0.99316  0.08440 -0.75046  0.76972
1434400834.582  0.02295  0.01172 -0.99463  0.08624 -0.75229  0.76972
1434400834.601  0.02002  0.01147 -0.99170  0.08624 -0.75596  0.77156
1434400834.622  0.02344  0.01099 -0.99341  0.08624 -0.75413  0.77064
1434400834.642  0.02148  0.01245 -0.99512  0.08624 -0.74771  0.76881
1434400834.662  0.02197  0.01147 -0.99487  0.08624 -0.75229  0.77156
1434400834.681  0.02100  0.01440 -0.99707  0.08716 -0.75596  0.77339
1434400834.702  0.02148  0.01392 -0.99609  0.08624 -0.75688  0.76972
1434400834.722  0.02002  0.01514 -0.99487  0.08532 -0.75138  0.77248
1434400834.741  0.02295  0.01465 -0.99536  0.08532 -0.75138  0.76881
1434400834.761  0.01782  0.00781 -0.99512  0.08440 -0.75138  0.77156
1434400834.782  0.02173  0.01318 -0.99463  0.08716 -0.75505  0.77248
1434400834.801  0.02002  0.01489 -0.99194  0.08716 -0.75413  0.76972
1434400834.821  0.01807  0.01343 -0.99438  0.08624 -0.75229  0.77339
1434400834.842  0.02100  0.01270 -0.99463  0.08440 -0.75046  0.77156
1434400834.862  0.01855  0.01416 -0.99219  0.08440 -0.75046  0.77248
1434400834.881  0.02100  0.01196 -0.99438  0.08807 -0.75413  0.76972
1434400834.902  0.01904  0.01685 -0.99097  0.08624 -0.75505  0.77248
1434400834.921  0.02490  0.01343 -0.99463  0.08532 -0.75413  0.77339
1434400834.942  0.02197  0.00977 -0.99292  0.08716 -0.75138  0.77156
1434400834.962  0.02100  0.01416 -0.99585  0.08440 -0.74954  0.76972
1434400834.982  0.02051  0.01416 -0.98901  0.08899 -0.75229  0.76881
1434400835.001  0.01904  0.01123 -0.99536  0.08716 -0.75321  0.76881
1434400835.021  0.02295  0.01172 -0.98682  0.08807 -0.75505  0.77064
1434400835.042  0.02148  0.01343 -0.99170  0.08440 -0.74954  0.76972
1434400835.062  0.02197  0.01416 -0.99585  0.08532 -0.74771  0.76972
1434400835.082  0.02051  0.01514 -0.99707  0.08624 -0.75046  0.76972
1434400835.101  0.02148  0.01025 -0.98755  0.08716 -0.75138  0.76972
1434400835.121  0.02100  0.01587 -0.99438  0.08899 -0.75229  0.77248
1434400835.141  0.02173  0.01270 -0.99146  0.08532 -0.74954  0.77064
1434400835.161  0.01953  0.01221 -0.99341  0.08440 -0.75413  0.77064
1434400835.182  0.02051  0.01440 -0.99316  0.08807 -0.75138  0.77064
1434400835.202  0.02148  0.01294 -0.99072  0.08532 -0.75596  0.77248
1434400835.221  0.02197  0.01172 -0.99658  0.08624 -0.75413  0.76972
1434400835.242  0.01904  0.01514 -0.99341  0.08624 -0.74587  0.76972
1434400835.261  0.02002  0.01172 -0.99707  0.08440 -0.74954  0.77064
1434400835.282  0.02002  0.01172 -0.99292  0.08532 -0.75229  0.77248
1434400835.302  0.02100  0.01221 -0.99048  0.08624 -0.75138  0.77064
1434400835.321  0.02148  0.01099 -0.99463  0.08532 -0.74862  0.77248
1434400835.341  0.02148  0.00830 -0.99707  0.08532 -0.75046  0.77156
1434400835.362  0.02100  0.01221 -0.99097  0.08807 -0.75321  0.76972
1434400835.382  0.02002  0.01123 -0.99219  0.08716 -0.75229  0.77064
1434400835.402  0.02148  0.00928 -0.99219  0.08440 -0.75505  0.77156
1434400835.422  0.02075  0.01367 -0.99268  0.08532 -0.75046  0.76881
1434400835.441  0.02100  0.01196 -0.99463  0.08349 -0.75138  0.77431
1434400835.461  0.01953  0.01294 -0.99341  0.08532 -0.74954  0.76881
1434400835.481  0.02051  0.00610 -0.99072  0.08624 -0.75138  0.77156
1434400835.502  0.01782  0.01270 -0.99414  0.08807 -0.75596  0.77156
1434400835.521  0.02246  0.01733 -0.99048  0.08624 -0.75046  0.76881
1434400835.541  0.02051  0.01025 -0.99414  0.08624 -0.75046  0.77339
1434400835.561  0.02051  0.01050 -0.98901  0.08349 -0.74954  0.77156
1434400835.581  0.02051  0.01294 -0.99390  0.08716 -0.75321  0.77248
1434400835.602  0.02148  0.00928 -0.99072  0.08624 -0.75596  0.77248
1434400835.621  0.02246  0.01318 -0.99609  0.08624 -0.74954  0.76972
1434400835.641  0.02197  0.01221 -0.99414  0.08532 -0.74954  0.77064
1434400835.661  0.01953  0.01025 -0.99463  0.08349 -0.75138  0.77156
1434400835.681  0.02051  0.01221 -0.99463  0.08716 -0.75596  0.76881
1434400835.702  0.02393  0.00952 -0.99585  0.08807 -0.75413  0.76881
1434400835.721  0.02197  0.01465 -0.99365  0.08349 -0.75413  0.77248
1434400835.741  0.02075  0.01172 -0.99219  0.08440 -0.74954  0.77064
1434400835.761  0.02148  0.01392 -0.99341  0.08624 -0.75138  0.77156
1434400835.781  0.01831  0.01440 -0.99121  0.08624 -0.74954  0.76881
1434400835.802  0.02002  0.01392 -0.99414  0.08532 -0.75229  0.77156
1434400835.822  0.01929  0.01514 -0.98877  0.08532 -0.75046  0.77064
1434400835.841  0.02344  0.01196 -0.99243  0.08440 -0.74954  0.76972
1434400835.861  0.02051  0.01001 -0.98926  0.08624 -0.75138  0.76881
1434400835.881  0.02002  0.01147 -0.99414  0.08440 -0.75046  0.76881
1434400835.902  0.02197  0.01147 -0.99463  0.08716 -0.75138  0.76972
1434400835.921  0.02148  0.01611 -0.99463  0.08532 -0.74954  0.76881
1434400835.941  0.02148  0.01001 -0.99365  0.08532 -0.75046  0.77339
1434400835.961  0.02295  0.01367 -0.99561  0.08624 -0.75229  0.76697
1434400835.982  0.02246  0.01147 -0.99097  0.08624 -0.75046  0.77064
1434400836.002  0.02295  0.01318 -0.99414  0.08624 -0.75138  0.77339
1434400836.022  0.02100  0.01147 -0.99146  0.08624 -0.75138  0.77156
1434400836.042  0.02295  0.01025 -0.99463  0.08532 -0.75229  0.77248
1434400836.062  0.01978  0.01245 -0.99438  0.08440 -0.75046  0.77339
1434400836.081  0.01855  0.01318 -0.99609  0.08349 -0.74954  0.77248
1434400836.101  0.02002  0.01294 -0.99365  0.08624 -0.75413  0.77064
1434400836.122  0.02393  0.01343 -0.99341  0.08440 -0.75138  0.77156
1434400836.141  0.02197  0.01392 -0.99292  0.08716 -0.75046  0.77248
1434400836.162  0.02051  0.01270 -0.99512  0.08532 -0.75413  0.77156
1434400836.182  0.02002  0.01294 -0.98975  0.08440 -0.75413  0.77156
1434400836.202  0.02100  0.01416 -0.99414  0.08807 -0.75505  0.77064
1434400836.222  0.02393  0.00830 -0.99438  0.08532 -0.75138  0.77156
1434400836.242  0.01904  0.01416 -0.99219  0.08807 -0.74954  0.77156
1434400836.262  0.02295  0.01489 -0.99463  0.08440 -0.74771  0.76972
1434400836.281  0.02490  0.01416 -0.99341  0.08716 -0.75321  0.77064
1434400836.301  0.02148  0.01294 -0.99463  0.08624 -0.75229  0.76789
1434400836.322  0.02295  0.01245 -0.99487  0.08532 -0.75505  0.77064
1434400836.342  0.02100  0.00928 -0.99268  0.08532 -0.74771  0.77156
1434400836.362  0.02490  0.01343 -0.99585  0.08624 -0.74679  0.77248
1434400836.382  0.02441  0.01367 -0.99268  0.08716 -0.75413  0.77248
1434400836.402  0.02124  0.01196 -0.99414  0.08624 -0.75505  0.77339
1434400836.422  0.01733  0.00977 -0.99048  0.08624 -0.75229  0.76881
1434400836.442  0.02100  0.01123 -0.99390  0.08349 -0.74771  0.77064
1434400836.462  0.02393  0.01123 -0.99121  0.08532 -0.74862  0.77248
1434400836.482  0.01904  0.01025 -0.99316  0.08532 -0.75321  0.76972
1434400836.501  0.02295  0.01367 -0.99268  0.08532 -0.75229  0.77156
1434400836.521  0.01831  0.01221 -0.99585  0.08807 -0.75138  0.77064
1434400836.541  0.02246  0.01294 -0.99365  0.08349 -0.74954  0.76972
1434400836.561  0.02100  0.01025 -0.99292  0.08532 -0.74862  0.77064
1434400836.582  0.02148  0.00879 -0.99634  0.08532 -0.75229  0.76972
1434400836.602  0.02148  0.01245 -0.99023  0.08624 -0.75596  0.77339
1434400836.621  0.02148  0.00928 -0.99146  0.08532 -0.75138  0.77156
1434400836.642  0.01953  0.01587 -0.99438  0.08165 -0.74771  0.77156
1434400836.662  0.02393  0.01172 -0.99268  0.08716 -0.75138  0.77064
1434400836.682  0.01855  0.00928 -0.99512  0.08899 -0.75505  0.77064
1434400836.702  0.02441  0.01367 -0.99268  0.08624 -0.75138  0.76881
1434400836.722  0.02002  0.00732 -0.99438  0.08624 -0.75505  0.77248
1434400836.741  0.02100  0.01196 -0.99243  0.08257 -0.74954  0.77339
1434400836.761  0.01855  0.01465 -0.99365  0.08624 -0.74862  0.76789
1434400836.782  0.02051  0.01343 -0.99365  0.08624 -0.75413  0.77156
1434400836.802  0.02100  0.01270 -0.98877  0.08624 -0.75229  0.76881
1434400836.822  0.02295  0.01318 -0.99609  0.08440 -0.75046  0.77064
1434400836.842  0.02051  0.01001 -0.99683  0.08624 -0.74954  0.77156
1434400836.862  0.02148  0.01123 -0.99390  0.08532 -0.75229  0.77156
1434400836.882  0.02197  0.01318 -0.99194  0.08532 -0.75688  0.76972
1434400836.902  0.02295  0.01440 -0.98657  0.08532 -0.75229  0.76972
1434400836.921  0.02002  0.01123 -0.99292  0.08624 -0.75138  0.76881
1434400836.941  0.01709  0.01367 -0.99365  0.08349 -0.74679  0.77339
1434400836.961  0.01831  0.01099 -0.98755  0.08624 -0.75229  0.77064
1434400836.982  0.02002  0.01392 -0.99170  0.08532 -0.74954  0.76881
1434400837.002  0.02100  0.01392 -0.99268  0.08624 -0.75505  0.77156
1434400837.021  0.01880  0.01147 -0.99609  0.08624 -0.75229  0.77156
1434400837.042  0.02197  0.01343 -0.99512  0.08349 -0.74954  0.76881
1434400837.062  0.02148  0.01440 -0.99585  0.08624 -0.75138  0.76972
1434400837.082  0.02100  0.01343 -0.99243  0.08716 -0.75413  0.77248
1434400837.102  0.02002  0.00854 -0.99414  0.08807 -0.75229  0.76972
1434400837.122  0.02344  0.00879 -0.98779  0.08532 -0.75046  0.76881
1434400837.141  0.02002  0.01367 -0.99072  0.08440 -0.74862  0.77064
1434400837.161  0.01855  0.01440 -0.98779  0.08532 -0.74954  0.77156
1434400837.182  0.02295  0.01465 -0.99121  0.08532 -0.75321  0.77064
1434400837.201  0.02148  0.01074 -0.98755  0.08716 -0.75321  0.76881
1434400837.222  0.02295  0.01367 -0.99365  0.08532 -0.74771  0.77156
1434400837.242  0.02441  0.01123 -0.99170  0.08165 -0.74954  0.77064
1434400837.262  0.01782  0.01416 -0.98657  0.08440 -0.75046  0.76972
1434400837.282  0.02148  0.01221 -0.99023  0.08532 -0.75413  0.77339
1434400837.302  0.02002  0.01172 -0.99194  0.08716 -0.75413  0.77156
1434400837.322  0.02393  0.01392 -0.99170  0.08624 -0.75413  0.76881
1434400837.342  0.02148  0.01367 -0.99609  0.08440 -0.74679  0.77064
1434400837.362  0.02100  0.01294 -0.99146  0.08532 -0.75138  0.77156
1434400837.382  0.02246  0.01001 -0.99487  0.08716 -0.75138  0.77064
1434400837.401  0.02100  0.01099 -0.99414  0.08532 -0.75505  0.77064
1434400837.421  0.02295  0.01196 -0.98926  0.08716 -0.75321  0.76972
1434400837.441  0.01855  0.01367 -0.99438  0.08624 -0.75413  0.76789
1434400837.462  0.01953  0.01636 -0.99341  0.08440 -0.75046  0.76881
1434400837.482  0.01904  0.01172 -0.99438  0.08716 -0.75505  0.76972
1434400837.502  0.02197  0.01245 -0.99072  0.08532 -0.75046  0.77064
1434400837.522  0.02100  0.01538 -0.99243  0.08532 -0.75229  0.77064
1434400837.542  0.01953  0.01001 -0.99219  0.08440 -0.75321  0.77339
1434400837.562  0.02100  0.01099 -0.99463  0.08440 -0.75321  0.77064
1434400837.582  0.02148  0.01367 -0.98853  0.08440 -0.75229  0.76972
1434400837.601  0.01831  0.01025 -0.98828  0.08532 -0.74954  0.77339
1434400837.622  0.01904  0.01318 -0.98950  0.08349 -0.74954  0.77248
1434400837.642  0.02100  0.01050 -0.99536  0.08624 -0.74862  0.76514
1434400837.662  0.02051  0.01318 -0.99121  0.08716 -0.75321  0.77156
1434400837.682  0.02051  0.01294 -0.99316  0.08440 -0.74954  0.77156
1434400837.702  0.01782  0.01318 -0.99219  0.08807 -0.75413  0.76972
1434400837.722  0.01807  0.00879 -0.99463  0.08532 -0.75046  0.76881
1434400837.742  0.02148  0.01343 -0.99292  0.08349 -0.75321  0.77248
1434400837.761  0.02051  0.01465 -0.99268  0.08440 -0.74862  0.77064
1434400837.782  0.01855  0.01099 -0.99731  0.08624 -0.75505  0.76972
1434400837.801  0.02344  0.01489 -0.99609  0.08440 -0.75596  0.77156
1434400837.822  0.02148  0.01123 -0.99390  0.08532 -0.74679  0.77339
1434400837.842  0.02295  0.01172 -0.99536  0.08532 -0.74679  0.77156
1434400837.861  0.02100  0.01416 -0.99170  0.08807 -0.74954  0.76972
1434400837.882  0.02100  0.01343 -0.99756  0.08807 -0.75321  0.76881
1434400837.902  0.02002  0.01221 -0.99365  0.08716 -0.75229  0.77156
1434400837.922  0.02148  0.01099 -0.99341  0.08532 -0.74679  0.76789
1434400837.942  0.02295  0.01147 -0.99438  0.08440 -0.74954  0.77064
1434400837.962  0.02051  0.01172 -0.99390  0.08532 -0.74771  0.76972
1434400837.981  0.02051  0.01416 -0.99390  0.08532 -0.75505  0.77156
1434400838.001  0.02148  0.01318 -0.99146  0.08807 -0.75505  0.76972
1434400838.021  0.02100  0.00757 -0.99438  0.08532 -0.75321  0.77064
1434400838.041  0.02075  0.01050 -0.98975  0.08349 -0.74954  0.77339
1434400838.062  0.01953  0.01416 -0.99316  0.08624 -0.74862  0.77064
1434400838.082  0.01855  0.01172 -0.99243  0.08716 -0.75596  0.77248
1434400838.102  0.02051  0.01294 -0.99390  0.08624 -0.75321  0.76972
1434400838.122  0.02148  0.01489 -0.99341  0.08624 -0.75505  0.77064
1434400838.142  0.01978  0.01392 -0.99390  0.08624 -0.75046  0.77156
1434400838.162  0.02148  0.01465 -0.99316  0.08349 -0.74862  0.77248
1434400838.182  0.02002  0.01538 -0.99390  0.08349 -0.75138  0.77156
1434400838.202  0.01782  0.01416 -0.99365  0.08624 -0.75413  0.77431
1434400838.222  0.02246  0.01050 -0.99316  0.08440 -0.75229  0.77248
1434400838.242  0.01611  0.01416 -0.99048  0.08440 -0.74954  0.77156
1434400838.262  0.02100  0.01123 -0.99194  0.08624 -0.75229  0.77064
1434400838.282  0.02393  0.01172 -0.99365  0.08440 -0.75229  0.76972
1434400838.302  0.02051  0.01587 -0.98901  0.08807 -0.75413  0.76972
1434400838.321  0.01733  0.00708 -0.99146  0.08716 -0.75229  0.77156
1434400838.342  0.01807  0.01343 -0.98950  0.08349 -0.74954  0.77064
1434400838.362  0.02002  0.00854 -0.99292  0.08532 -0.74954  0.77156
1434400838.382  0.02002  0.01123 -0.99121  0.08532 -0.75413  0.77248
1434400838.402  0.02002  0.01318 -0.99341  0.08624 -0.75229  0.77064
1434400838.422  0.02100  0.01318 -0.99585  0.08532 -0.75413  0.76881
1434400838.441  0.02051  0.00977 -0.99585  0.08440 -0.75138  0.77064
1434400838.462  0.02148  0.01147 -0.98999  0.08532 -0.75321  0.76972
1434400838.482  0.02295  0.01196 -0.99463  0.08716 -0.75413  0.77248
1434400838.502  0.02002  0.01440 -0.99341  0.08807 -0.75413  0.77248
1434400838.522  0.02002  0.01489 -0.99292  0.08624 -0.75138  0.77156
1434400838.542  0.02100  0.01099 -0.99292  0.08716 -0.75138  0.76972
1434400838.562  0.02100  0.01440 -0.99023  0.08716 -0.74862  0.76972
1434400838.582  0.01587  0.01392 -0.99023  0.08532 -0.75046  0.77064
1434400838.602  0.02148  0.01099 -0.99390  0.08716 -0.75596  0.77064
1434400838.622  0.02002  0.01318 -0.99512  0.08624 -0.75046  0.77431
1434400838.642  0.02148  0.01367 -0.99170  0.08624 -0.74862  0.76972
1434400838.662  0.02539  0.01050 -0.99072  0.08807 -0.75321  0.76697
1434400838.681  0.02051  0.01367 -0.99219  0.08716 -0.75229  0.77064
1434400838.701  0.01904  0.01099 -0.99731  0.08899 -0.75505  0.76972
1434400838.722  0.01685  0.01147 -0.99658  0.08532 -0.74862  0.77064
1434400838.742  0.02051  0.01367 -0.99634  0.08624 -0.74954  0.76789
1434400838.762  0.01831  0.01562 -0.99561  0.08532 -0.74954  0.77064
1434400838.782  0.02100  0.01196 -0.99463  0.08532 -0.75229  0.77156
1434400838.802  0.02246  0.01270 -0.99756  0.08624 -0.75505  0.77064
1434400838.822  0.02295  0.00977 -0.98975  0.08440 -0.75138  0.76972
1434400838.842  0.02148  0.01099 -0.99463  0.08440 -0.75138  0.77064
1434400838.861  0.01855  0.01343 -0.99390  0.08532 -0.75046  0.77248
1434400838.882  0.02148  0.00977 -0.99414  0.08624 -0.75046  0.76972
1434400838.901  0.02393  0.01392 -0.99438  0.08716 -0.75138  0.77248
1434400838.922  0.02490  0.01465 -0.99463  0.08532 -0.75321  0.77523
1434400838.942  0.02051  0.00928 -0.99268  0.08440 -0.75046  0.77156
1434400838.961  0.02051  0.01172 -0.99683  0.08165 -0.75138  0.76881
1434400838.981  0.02197  0.01416 -0.99243  0.08807 -0.75413  0.77156
1434400839.002  0.02295  0.01050 -0.99414  0.08716 -0.76055  0.77248
1434400839.022  0.01904  0.01392 -0.99487  0.08532 -0.75505  0.76972
1434400839.042  0.02100  0.01221 -0.99512  0.08716 -0.75138  0.76972
1434400839.062  0.02002  0.00879 -0.99292  0.08532 -0.75046  0.77248
1434400839.081  0.02295  0.01636 -0.99341  0.08624 -0.75413  0.76881
1434400839.101  0.02197  0.01343 -0.99341  0.08440 -0.75596  0.77064
1434400839.121  0.02197  0.01587 -0.99463  0.08624 -0.75046  0.77156
1434400839.142  0.02295  0.01245 -0.99170  0.08440 -0.75138  0.77248
1434400839.162  0.02002  0.01587 -0.99023  0.08440 -0.75138  0.77064
1434400839.182  0.02148  0.00903 -0.99487  0.08991 -0.75229  0.77156
1434400839.202  0.02002  0.01196 -0.99292  0.08440 -0.74954  0.77156
1434400839.221  0.02197  0.01611 -0.99121  0.08624 -0.75138  0.77064
1434400839.242  0.02051  0.01465 -0.99097  0.08807 -0.75138  0.77431
1434400839.262  0.02148  0.01099 -0.99585  0.08532 -0.75229  0.77156
1434400839.282  0.01953  0.00928 -0.99414  0.08624 -0.75046  0.77156
1434400839.301  0.02295  0.01392 -0.99121  0.08532 -0.75229  0.77339
1434400839.322  0.02148  0.01367 -0.99268  0.08440 -0.75413  0.77156
1434400839.342  0.02002  0.01245 -0.99170  0.08624 -0.75138  0.77064
1434400839.362  0.02051  0.01172 -0.99609  0.08624 -0.75046  0.77156
1434400839.382  0.02051  0.01099 -0.99463  0.08532 -0.75321  0.77431
1434400839.401  0.01978  0.01147 -0.98462  0.08807 -0.75505  0.77064
1434400839.421  0.02051  0.01318 -0.98828  0.08532 -0.75688  0.77431
1434400839.441  0.02100  0.01123 -0.98804  0.08807 -0.75229  0.77156
1434400839.461  0.02075  0.01123 -0.99390  0.08624 -0.75046  0.77064
1434400839.481  0.02197  0.01270 -0.99146  0.08532 -0.75229  0.77064
1434400839.501  0.01929  0.01196 -0.99194  0.08716 -0.75413  0.77156
1434400839.521  0.02148  0.01318 -0.99170  0.08624 -0.75413  0.77064
1434400839.541  0.02246  0.01196 -0.99438  0.08349 -0.75138  0.77156
1434400839.561  0.02075  0.01489 -0.99048  0.08532 -0.75046  0.76972
1434400839.582  0.02002  0.01514 -0.99414  0.08624 -0.75505  0.76881
1434400839.602  0.01733  0.01270 -0.99512  0.08624 -0.75596  0.77156
1434400839.621  0.02246  0.01099 -0.99365  0.08716 -0.75505  0.77064
1434400839.641  0.02197  0.00830 -0.99194  0.08349 -0.74771  0.77156
1434400839.661  0.02197  0.01074 -0.99219  0.08532 -0.74954  0.77248
1434400839.682  0.02197  0.01367 -0.99438  0.08440 -0.75229  0.77064
1434400839.701  0.02490  0.01367 -0.99585  0.08532 -0.75505  0.76697
1434400839.721  0.02100  0.01270 -0.99438  0.08440 -0.75229  0.76881
1434400839.741  0.01782  0.01172 -0.98706  0.08716 -0.75229  0.77156
1434400839.761  0.02148  0.01245 -0.98999  0.08165 -0.75046  0.76881
1434400839.781  0.02344  0.01416 -0.99072  0.08532 -0.75138  0.77064
1434400839.802  0.02344  0.01318 -0.99414  0.08716 -0.75321  0.77248
1434400839.822  0.02197  0.01099 -0.99097  0.08624 -0.75229  0.76881
1434400839.841  0.01880  0.01245 -0.99414  0.08257 -0.75229  0.76789
1434400839.861  0.02441  0.01270 -0.99585  0.08532 -0.74771  0.76972
1434400839.881  0.01929  0.01392 -0.99048  0.08624 -0.75413  0.77156
1434400839.902  0.02197  0.01050 -0.99292  0.08440 -0.75046  0.76972
1434400839.922  0.02197  0.01416 -0.99438  0.08532 -0.75138  0.76972
1434400839.941  0.02051  0.01440 -0.99316  0.08716 -0.75321  0.77156
1434400839.962  0.02344  0.01123 -0.99683  0.08349 -0.75321  0.76972
1434400839.982  0.02197  0.01538 -0.98755  0.08624 -0.75321  0.76881
1434400840.001  0.02246  0.01367 -0.98853  0.08716 -0.75780  0.77248
1434400840.022  0.02246  0.01270 -0.99414  0.08440 -0.75321  0.77064
1434400840.042  0.02295  0.01270 -0.99194  0.08624 -0.74771  0.76881
1434400840.061  0.02295  0.00977 -0.99316  0.08349 -0.75046  0.77064
1434400840.081  0.02246  0.01147 -0.99609  0.08532 -0.75229  0.77156
1434400840.101  0.02002  0.01196 -0.98999  0.08807 -0.75596  0.77248
1434400840.122  0.01978  0.00586 -0.99512  0.08532 -0.75321  0.77064
1434400840.142  0.02148  0.01587 -0.99463  0.08624 -0.75046  0.76881
1434400840.162  0.01855  0.00928 -0.99341  0.08532 -0.74862  0.76881
1434400840.182  0.02026  0.01416 -0.99341  0.08716 -0.75413  0.76881
1434400840.201  0.02393  0.00879 -0.99414  0.08716 -0.75413  0.76789
1434400840.221  0.02100  0.01367 -0.99390  0.08899 -0.75321  0.77064
1434400840.241  0.02344  0.01392 -0.99121  0.08349 -0.75046  0.77156
1434400840.262  0.01733  0.01343 -0.99341  0.08440 -0.74771  0.76972
1434400840.281  0.02344  0.01221 -0.99390  0.08440 -0.75505  0.77064
1434400840.301  0.02100  0.01099 -0.99487  0.08716 -0.75596  0.77248
1434400840.321  0.02002  0.01343 -0.99292  0.08716 -0.75505  0.76972
1434400840.342  0.01904  0.01392 -0.99292  0.08440 -0.75046  0.77156
1434400840.362  0.02441  0.01245 -0.99121  0.08440 -0.75046  0.77064
1434400840.382  0.02148  0.01318 -0.99292  0.08532 -0.75046  0.77064
1434400840.401  0.02002  0.01025 -0.99170  0.08899 -0.75505  0.76881
1434400840.422  0.01782  0.01074 -0.99097  0.08532 -0.75505  0.77339
1434400840.441  0.02246  0.01440 -0.99512  0.08716 -0.75229  0.77156
1434400840.462  0.02051  0.01318 -0.99121  0.08349 -0.74862  0.76881
1434400840.482  0.02173  0.01318 -0.99438  0.08440 -0.75229  0.77339
1434400840.501  0.02148  0.01294 -0.99634  0.08624 -0.75505  0.77064
1434400840.522  0.02124  0.01416 -0.99414  0.08716 -0.74954  0.77339
1434400840.541  0.02148  0.01196 -0.98926  0.08716 -0.75046  0.77064
1434400840.561  0.01904  0.01221 -0.99512  0.08440 -0.74954  0.76881
1434400840.581  0.01807  0.00952 -0.99561  0.08532 -0.74954  0.77156
1434400840.601  0.02148  0.01245 -0.99292  0.08624 -0.75596  0.77248
1434400840.621  0.01807  0.01196 -0.99634  0.08349 -0.75229  0.77339
1434400840.641  0.01953  0.00879 -0.99365  0.08440 -0.75229  0.77156
1434400840.661  0.02344  0.01685 -0.99243  0.08624 -0.75138  0.77339
1434400840.682  0.01855  0.01343 -0.99243  0.08532 -0.75229  0.77248
1434400840.702  0.01855  0.01318 -0.99292  0.08716 -0.75413  0.76881
1434400840.721  0.01733  0.01318 -0.99414  0.08807 -0.75872  0.76972
1434400840.741  0.02051  0.01270 -0.98682  0.08716 -0.75046  0.77248
1434400840.761  0.02051  0.01294 -0.99487  0.08440 -0.74954  0.76972
1434400840.782  0.02100  0.01123 -0.99390  0.08532 -0.75505  0.77156
1434400840.801  0.02344  0.01221 -0.99365  0.08440 -0.75505  0.77156
1434400840.821  0.01709  0.01147 -0.99683  0.08440 -0.75413  0.77156
1434400840.841  0.02148  0.01172 -0.98975  0.08532 -0.75138  0.77064
1434400840.862  0.02246  0.01025 -0.99146  0.08440 -0.75321  0.77156
1434400840.882  0.02246  0.01587 -0.99414  0.08716 -0.75321  0.76972
1434400840.902  0.01831  0.01294 -0.99512  0.08807 -0.75046  0.77156
1434400840.922  0.02197  0.01001 -0.99463  0.08624 -0.74954  0.76972
1434400840.941  0.01831  0.01270 -0.99390  0.08624 -0.74862  0.77064
1434400840.961  0.02148  0.01025 -0.99512  0.08440 -0.74954  0.77064
1434400840.982  0.02148  0.01245 -0.99438  0.08349 -0.75229  0.76881
1434400841.002  0.02197  0.01099 -0.98950  0.08532 -0.75413  0.76881
1434400841.022  0.02295  0.01147 -0.98950  0.08991 -0.75413  0.76972
1434400841.041  0.02246  0.01196 -0.99316  0.08716 -0.75046  0.77064
1434400841.062  0.02295  0.01318 -0.99463  0.08532 -0.74679  0.77523
1434400841.082  0.02246  0.01245 -0.98706  0.08532 -0.75229  0.77156
1434400841.102  0.01807  0.01147 -0.99438  0.08807 -0.75596  0.77156
1434400841.122  0.02051  0.00757 -0.99414  0.08716 -0.75229  0.77248
1434400841.141  0.02148  0.01538 -0.99341  0.08624 -0.74954  0.77248
1434400841.161  0.02148  0.01367 -0.98926  0.08257 -0.74954  0.77339
1434400841.181  0.02148  0.01294 -0.99609  0.08440 -0.74862  0.77064
1434400841.202  0.02490  0.01270 -0.99292  0.08532 -0.75596  0.76881
1434400841.222  0.02197  0.01367 -0.99219  0.08624 -0.75229  0.76972
1434400841.242  0.02100  0.01465 -0.99390  0.08716 -0.74587  0.76972
