1434400777.661 -1.00122 -0.00171  0.02100  0.91468  0.09725  0.78899
1434400777.681 -1.00659  0.00391  0.02319  0.91101  0.10000  0.78899
1434400777.702 -1.00952 -0.00244  0.02148  0.91009  0.09817  0.79266
1434400777.721 -1.00952 -0.00171  0.02393  0.91376  0.09541  0.78991
1434400777.742 -1.00854 -0.00220  0.02197  0.91101  0.09541  0.78899
1434400777.762 -1.01001 -0.00366  0.02197  0.91560  0.09908  0.78991
1434400777.782 -1.00708 -0.00000  0.02148  0.91284  0.09174  0.78991
1434400777.801 -1.01318 -0.00220  0.01953  0.91376  0.10000  0.79266
1434400777.821 -1.00781  0.00122  0.02124  0.91376  0.09633  0.78899
1434400777.841 -1.00928  0.00049  0.01807  0.91193  0.09725  0.78899
1434400777.861 -1.00366 -0.00244  0.02148  0.91193  0.09358  0.79083
1434400777.881 -1.01074 -0.00342  0.02002  0.91101  0.09817  0.79174
1434400777.901 -1.00757 -0.00000  0.01978  0.91468  0.09817  0.78991
1434400777.921 -1.00732  0.00073  0.02393  0.91101  0.09817  0.79266
1434400777.942 -1.00732 -0.00244  0.02051  0.91193  0.09725  0.78991
1434400777.962 -1.00171 -0.00293  0.02100  0.91193  0.09725  0.78899
1434400777.982 -1.00928 -0.00513  0.02368  0.91376  0.09908  0.78991
1434400778.002 -1.00781 -0.00146  0.02319  0.91009  0.10092  0.78899
1434400778.021 -1.00928 -0.00244  0.02344  0.91284  0.09817  0.78899
1434400778.041 -1.00806 -0.00146  0.02295  0.91284  0.09725  0.78899
1434400778.061 -1.00659  0.00024  0.02588  0.91560  0.09817  0.79083
1434400778.081 -1.00708 -0.00098  0.01904  0.91284  0.09633  0.78991
1434400778.101 -1.00903 -0.00024  0.02393  0.91101  0.09541  0.78899
1434400778.121 -1.00513  0.00024  0.02124  0.91376  0.09908  0.79083
1434400778.141 -1.00903 -0.00220  0.02051  0.90826  0.09633  0.78991
1434400778.161 -1.00977  0.00513  0.01978  0.91468  0.09633  0.79266
1434400778.182 -1.00854  0.00024  0.02368  0.91376  0.10000  0.79083
1434400778.202 -1.01099 -0.00342  0.02100  0.91101  0.09633  0.79174
1434400778.222 -1.00464 -0.00220  0.02197  0.90917  0.09633  0.79083
1434400778.241 -1.00195 -0.00269  0.01807  0.91376  0.09817  0.78807
1434400778.261 -1.00562 -0.00317  0.01904  0.91560  0.10000  0.79083
1434400778.281 -1.00952 -0.00195  0.02148  0.91101  0.09633  0.79266
1434400778.301 -1.00806  0.00049  0.02002  0.91193  0.09725  0.78899
1434400778.321 -1.01001 -0.00562  0.02271  0.91284  0.09725  0.78991
1434400778.341 -1.00366  0.00293  0.02271  0.91193  0.09908  0.78991
1434400778.361 -1.00439 -0.00488  0.02173  0.91193  0.09633  0.78899
1434400778.381 -1.00317 -0.00220  0.02417  0.91101  0.09358  0.79083
1434400778.401 -1.00513 -0.00073  0.02197  0.91560  0.09908  0.78807
1434400778.421 -1.01074 -0.00439  0.02271  0.91193  0.09725  0.79083
1434400778.442 -1.00781 -0.00464  0.02393  0.91101  0.09908  0.79266
1434400778.461 -1.00586 -0.00562  0.01855  0.91193  0.09817  0.78991
1434400778.482 -1.00439 -0.00366  0.02100  0.91468  0.09725  0.78899
1434400778.501 -1.00586 -0.00146  0.02417  0.91284  0.09633  0.78991
1434400778.521 -1.00171 -0.00391  0.02490  0.91193  0.09725  0.79174
1434400778.541 -1.00732  0.00220  0.02661  0.91101  0.09541  0.79083
1434400778.561 -1.00708 -0.00024  0.02124  0.91468  0.09541  0.78899
1434400778.581 -1.00684 -0.00513  0.02002  0.91284  0.09725  0.79083
1434400778.601 -1.00488 -0.00244  0.01807  0.91560  0.09633  0.78991
1434400778.621 -1.01123 -0.00269  0.02466  0.91101  0.09725  0.79174
1434400778.641 -1.00757 -0.00049  0.02222  0.91101  0.09817  0.79083
1434400778.662 -1.00659  0.00098  0.02148  0.91560  0.09725  0.78807
1434400778.681 -1.00781 -0.00415  0.02271  0.91284  0.09725  0.79083
1434400778.702 -1.00830 -0.00269  0.02222  0.91284  0.09725  0.79266
1434400778.722 -1.01074 -0.00220  0.02539  0.91193  0.09817  0.78991
1434400778.741 -1.01050 -0.00000  0.02246  0.91284  0.10092  0.79174
1434400778.761 -1.00293 -0.00024  0.02271  0.90917  0.09725  0.79266
1434400778.781 -1.00781  0.00122  0.02197  0.90826  0.09633  0.79174
1434400778.801 -1.00537 -0.00342  0.01636  0.91193  0.09633  0.79083
1434400778.821 -1.00537 -0.00024  0.02222  0.91376  0.09541  0.78807
1434400778.841 -1.00342 -0.00195  0.02100  0.91101  0.09817  0.79174
1434400778.861 -1.00098 -0.00122  0.02271  0.91468  0.09725  0.78807
1434400778.882 -1.00562 -0.00317  0.02197  0.91101  0.09725  0.78899
1434400778.901 -1.00708 -0.00000  0.02173  0.90917  0.09541  0.79266
1434400778.921 -1.00562 -0.00293  0.02124  0.91193  0.09817  0.78899
1434400778.942 -1.00757 -0.00366  0.02563  0.91284  0.09725  0.78899
1434400778.961 -1.00806  0.00049  0.02002  0.91284  0.09633  0.79266
1434400778.981 -1.00562 -0.00244  0.01904  0.91376  0.09633  0.79083
1434400779.001 -1.00879  0.00171  0.01953  0.91376  0.09633  0.79358
1434400779.021 -1.00415 -0.00146  0.01758  0.91101  0.09541  0.78991
1434400779.041 -1.00757 -0.00269  0.02051  0.91193  0.09725  0.78899
1434400779.061 -1.00366 -0.00146  0.02148  0.91193  0.09725  0.78991
1434400779.081 -1.00806 -0.00415  0.02295  0.91101  0.09725  0.78899
1434400779.101 -1.00830 -0.00415  0.02148  0.91560  0.09633  0.78807
1434400779.121 -1.00488  0.00171  0.02490  0.91468  0.09908  0.78991
1434400779.142 -1.00952 -0.00000  0.02246  0.91101  0.09633  0.79174
1434400779.161 -1.00952 -0.00366  0.02026  0.91376  0.09450  0.78807
1434400779.182 -1.00317 -0.00098  0.02148  0.91193  0.09358  0.79266
1434400779.201 -1.01147  0.00024  0.02271  0.91193  0.09725  0.78807
1434400779.221 -1.01025 -0.00244  0.02246  0.91560  0.09541  0.78716
1434400779.241 -1.00488  0.00049  0.02148  0.91284  0.09908  0.78899
1434400779.261 -1.00854 -0.00171  0.02002  0.91284  0.09725  0.78807
1434400779.281 -1.01025  0.00122  0.02417  0.91284  0.09633  0.79358
1434400779.301 -1.00049 -0.00122  0.02051  0.91468  0.09725  0.78991
1434400779.321 -1.00439 -0.00586  0.01831  0.91468  0.09725  0.78716
1434400779.341 -1.00854 -0.00024  0.02441  0.91284  0.09450  0.79174
1434400779.361 -1.00342 -0.00146  0.02686  0.91376  0.09725  0.78991
1434400779.381 -1.00562  0.00049  0.02271  0.91376  0.09633  0.78716
1434400779.402 -1.01147 -0.00537  0.02173  0.91468  0.09725  0.78899
1434400779.422 -1.00342 -0.00073  0.02148  0.91101  0.09725  0.78899
1434400779.442 -1.00708 -0.00049  0.01929  0.91101  0.09725  0.79174
1434400779.461 -1.01025 -0.00024  0.02173  0.91284  0.09541  0.78624
1434400779.481 -1.00220  0.00122  0.02026  0.91284  0.09633  0.78532
1434400779.501 -1.01001 -0.00098  0.02100  0.91101  0.09725  0.78807
1434400779.521 -0.99854 -0.00146  0.02002  0.91193  0.09725  0.78991
1434400779.541 -1.00879 -0.00366  0.02002  0.91009  0.09817  0.79083
1434400779.561 -1.00830 -0.00220  0.02173  0.91468  0.09725  0.78899
1434400779.581 -1.00708 -0.00073  0.02197  0.91284  0.09817  0.78899
1434400779.602 -1.00854  0.00146  0.02490  0.91284  0.09817  0.78899
1434400779.621 -1.00806 -0.00098  0.02417  0.91284  0.09633  0.78991
1434400779.642 -1.00049 -0.00195  0.02222  0.91376  0.09725  0.78991
1434400779.661 -1.00684 -0.00488  0.02148  0.91193  0.09817  0.78807
1434400779.681 -1.01074 -0.00830  0.02075  0.91376  0.09633  0.78807
1434400779.701 -1.00635 -0.00269  0.01880  0.91376  0.09817  0.79266
1434400779.721 -1.00757 -0.00220  0.02173  0.91101  0.09817  0.78624
1434400779.741 -1.00781 -0.00391  0.02393  0.91101  0.09725  0.78899
1434400779.761 -1.00464 -0.00024  0.02246  0.91376  0.10000  0.79083
1434400779.781 -1.00806 -0.00146  0.02222  0.91376  0.09725  0.78532
1434400779.802 -1.00537  0.00146  0.02051  0.91376  0.09633  0.78807
1434400779.822 -1.00122 -0.00024  0.02417  0.91376  0.09725  0.78716
1434400779.842 -1.00879 -0.00073  0.02124  0.91193  0.09541  0.78716
1434400779.862 -1.00415 -0.00269  0.01855  0.91560  0.09725  0.79083
1434400779.881 -1.00366  0.00098  0.02051  0.91284  0.09817  0.78991
1434400779.901 -1.01025  0.00122  0.02271  0.91284  0.09817  0.78899
1434400779.921 -1.00537 -0.00464  0.01929  0.91284  0.09908  0.78899
1434400779.941 -1.01172 -0.00244  0.02051  0.91009  0.09358  0.78716
1434400779.961 -1.00684 -0.00342  0.02246  0.91193  0.09725  0.78899
1434400779.981 -1.00903 -0.00366  0.01904  0.91468  0.09817  0.78807
1434400780.001 -1.01074 -0.00122  0.02393  0.91193  0.09633  0.78716
1434400780.021 -1.00317  0.00122  0.02148  0.91376  0.09725  0.78899
1434400780.042 -1.00928 -0.00317  0.02002  0.91193  0.09633  0.78991
1434400780.062 -1.00562 -0.00488  0.02222  0.91193  0.09725  0.78991
1434400780.082 -1.01074 -0.00195  0.02051  0.91376  0.09450  0.78991
1434400780.101 -1.00513  0.00049  0.01904  0.91284  0.09633  0.78807
1434400780.121 -1.00513 -0.00073  0.02490  0.91009  0.09817  0.78807
1434400780.141 -1.00732  0.00073  0.01831  0.91193  0.09633  0.78991
1434400780.161 -1.00513 -0.00269  0.02148  0.91101  0.09725  0.78807
1434400780.181 -1.00635 -0.00269  0.01904  0.91376  0.09541  0.78624
1434400780.201 -1.01099 -0.00049  0.01904  0.91468  0.09450  0.79083
1434400780.221 -1.00537 -0.00049  0.02100  0.91101  0.09633  0.78899
1434400780.242 -1.00586  0.00049  0.02124  0.91651  0.10000  0.78807
1434400780.262 -1.00562 -0.00269  0.02100  0.91376  0.09817  0.78991
1434400780.282 -1.00415 -0.00146  0.01953  0.91193  0.09633  0.78899
1434400780.302 -1.01001  0.00024  0.02271  0.91468  0.09817  0.78991
1434400780.322 -1.00366 -0.00562  0.02246  0.91468  0.09541  0.78624
1434400780.341 -1.00903 -0.00049  0.02100  0.91101  0.09725  0.78991
1434400780.361 -1.00537 -0.00293  0.02075  0.91376  0.09817  0.78716
1434400780.381 -1.00903 -0.00269  0.02295  0.91009  0.09541  0.78991
1434400780.401 -1.00928 -0.00488  0.01904  0.91376  0.09541  0.78716
1434400780.421 -1.00830 -0.00415  0.02295  0.91284  0.09725  0.78532
1434400780.441 -1.00952 -0.00098  0.02100  0.91193  0.09633  0.78716
1434400780.462 -1.00757 -0.00293  0.02002  0.91284  0.09725  0.78899
1434400780.481 -1.00854  0.00024  0.02271  0.91284  0.09725  0.78716
1434400780.501 -1.01025 -0.00269  0.02417  0.91284  0.09541  0.79083
1434400780.522 -1.00977  0.00171  0.02148  0.91376  0.09633  0.78807
1434400780.541 -1.00781 -0.00146  0.02344  0.91376  0.09725  0.79083
1434400780.561 -1.00708  0.00098  0.02368  0.91376  0.09633  0.78807
1434400780.581 -1.00537 -0.00220  0.02441  0.91376  0.09908  0.78716
1434400780.601 -1.00195 -0.00464  0.01807  0.91193  0.09725  0.78899
1434400780.621 -1.00903 -0.00439  0.01953  0.91193  0.09358  0.78716
1434400780.641 -1.00952 -0.00220  0.02051  0.91376  0.09450  0.78807
1434400780.661 -1.00977 -0.00415  0.02441  0.91284  0.09633  0.78807
1434400780.681 -1.00220 -0.00049  0.02051  0.91193  0.09817  0.78807
1434400780.702 -1.00415 -0.00146  0.01978  0.91284  0.09817  0.78899
1434400780.721 -1.00854 -0.00220  0.02271  0.91284  0.09541  0.78716
1434400780.741 -1.00464 -0.00171  0.02734  0.91284  0.09817  0.78899
1434400780.761 -1.00684 -0.00244  0.02100  0.91284  0.09633  0.79174
1434400780.781 -1.00977 -0.00146  0.02002  0.91193  0.10000  0.78716
1434400780.801 -1.00659 -0.00049  0.02100  0.91284  0.09725  0.78624
1434400780.821 -1.01050 -0.00513  0.02222  0.91468  0.09541  0.78716
1434400780.841 -1.00513 -0.00073  0.02148  0.91101  0.09725  0.78807
1434400780.861 -1.00879 -0.00049  0.02319  0.91376  0.09725  0.78899
1434400780.881 -1.00757 -0.00391  0.02051  0.91284  0.09541  0.78807
1434400780.901 -1.00952 -0.00293  0.02344  0.91468  0.09725  0.78807
1434400780.922 -1.01025 -0.00049  0.02197  0.91376  0.09817  0.78899
1434400780.942 -1.00732 -0.00220  0.02490  0.91651  0.09817  0.78991
1434400780.962 -1.00854 -0.00269  0.02295  0.91376  0.09633  0.78716
1434400780.982 -1.01001  0.00049  0.02393  0.91376  0.09817  0.78716
1434400781.001 -1.00635 -0.00488  0.02197  0.91009  0.09817  0.78991
1434400781.021 -1.00732 -0.00146  0.02173  0.91193  0.09633  0.78899
1434400781.041 -1.01001 -0.00000  0.02075  0.91284  0.09358  0.79083
1434400781.061 -1.00000 -0.00439  0.02368  0.91376  0.09725  0.78899
1434400781.081 -0.99756  0.00073  0.02197  0.91284  0.09633  0.78716
1434400781.101 -1.00317 -0.00049  0.02588  0.91284  0.09541  0.79083
1434400781.121 -1.00757 -0.00171  0.02222  0.91376  0.09725  0.78991
1434400781.141 -1.00854 -0.00000  0.01953  0.91101  0.09725  0.78807
1434400781.161 -1.01025 -0.00366  0.02319  0.91101  0.09817  0.79083
1434400781.182 -1.00220  0.00073  0.02148  0.91193  0.09725  0.78991
1434400781.202 -1.00415 -0.00171  0.01855  0.91284  0.09266  0.79083
1434400781.221 -1.00806 -0.00171  0.02051  0.91284  0.09817  0.78807
1434400781.241 -1.00366 -0.00146  0.02344  0.91193  0.09541  0.78991
1434400781.261 -1.00854 -0.00000  0.02344  0.91284  0.09633  0.79083
1434400781.281 -1.00513 -0.00220  0.01904  0.91468  0.09633  0.78991
1434400781.301 -1.00562 -0.00024  0.02124  0.91284  0.09817  0.78991
1434400781.321 -1.00757 -0.00122  0.02490  0.91376  0.09725  0.78716
1434400781.341 -1.00464 -0.00049  0.02075  0.91101  0.09541  0.78899
1434400781.362 -1.01074 -0.00610  0.02100  0.91101  0.09817  0.78899
1434400781.382 -1.00439 -0.00488  0.02051  0.91651  0.09633  0.78807
1434400781.402 -1.00610 -0.00098  0.02002  0.91101  0.09908  0.78807
1434400781.421 -1.00098 -0.00146  0.02222  0.91560  0.09725  0.78899
1434400781.441 -1.00830 -0.00098  0.02271  0.91101  0.09817  0.78991
1434400781.461 -1.00977 -0.00366  0.01660  0.91009  0.09633  0.78991
1434400781.481 -1.00562  0.00024  0.02466  0.90917  0.09541  0.78807
1434400781.501 -1.00586 -0.00220  0.01929  0.91009  0.09450  0.78899
1434400781.521 -1.01099 -0.00171  0.02148  0.91101  0.09633  0.78807
1434400781.541 -1.00830  0.00049  0.02100  0.91193  0.09633  0.78991
1434400781.561 -1.00513 -0.00024  0.02100  0.91284  0.09725  0.78899
1434400781.582 -1.00732 -0.00317  0.02100  0.90917  0.09725  0.78807
1434400781.602 -1.00610 -0.00146  0.02222  0.91468  0.10550  0.78807
1434400781.622 -1.00269 -0.00024  0.02051  0.91284  0.09541  0.78716
1434400781.642 -1.00635 -0.00220  0.02100  0.91284  0.09725  0.78807
1434400781.661 -1.00977  0.00073  0.01953  0.91284  0.09633  0.78807
1434400781.681 -1.00586 -0.00073  0.02295  0.91193  0.09633  0.79266
1434400781.701 -1.00562 -0.00342  0.01904  0.91284  0.09908  0.78899
1434400781.721 -1.00537  0.00195  0.02148  0.91284  0.09633  0.78991
1434400781.741 -1.00293 -0.00098  0.02271  0.91009  0.09725  0.78991
1434400781.761 -1.00830 -0.00000  0.02539  0.91101  0.09725  0.78807
1434400781.781 -1.01123  0.00073  0.02661  0.91101  0.09725  0.78624
1434400781.802 -1.00513 -0.00098  0.02197  0.91193  0.09725  0.78807
1434400781.821 -1.00806 -0.00122  0.02197  0.91101  0.09633  0.78807
1434400781.841 -1.00708 -0.00342  0.02319  0.91284  0.09908  0.78807
1434400781.861 -1.00562 -0.00146  0.02075  0.91193  0.09633  0.78899
1434400781.881 -1.00415  0.00220  0.02441  0.91651  0.09725  0.78532
1434400781.901 -1.01074 -0.00049  0.02319  0.91468  0.09725  0.78716
1434400781.921 -1.00610 -0.00244  0.02319  0.91193  0.09450  0.78899
1434400781.941 -1.00781 -0.00391  0.02246  0.91101  0.09725  0.78899
1434400781.961 -1.01050 -0.00415  0.02197  0.91193  0.09725  0.78716
1434400781.981 -1.00879  0.00049  0.02246  0.91101  0.09817  0.78716
1434400782.001 -1.01074  0.00073  0.02148  0.91376  0.09817  0.78532
1434400782.021 -1.00830  0.00171  0.02344  0.91193  0.09725  0.78899
1434400782.042 -1.00562  0.00171  0.02344  0.91376  0.09541  0.78716
1434400782.061 -0.99634 -0.00171  0.02051  0.91376  0.09450  0.78807
1434400782.082 -1.00977  0.00024  0.02539  0.91009  0.09908  0.78991
1434400782.101 -1.00439  0.00049  0.02319  0.91376  0.09633  0.79083
1434400782.121 -1.00781 -0.00171  0.01855  0.91376  0.09817  0.78991
1434400782.141 -1.01050 -0.00098  0.02148  0.91560  0.09633  0.78899
1434400782.161 -1.00684 -0.00488  0.02002  0.91101  0.09541  0.78257
1434400782.181 -1.00806 -0.00439  0.02344  0.91101  0.09908  0.78899
1434400782.201 -1.00977 -0.00000  0.02100  0.91560  0.09541  0.78991
1434400782.221 -0.99951 -0.00049  0.02148  0.91284  0.09817  0.78807
1434400782.241 -1.00635 -0.00122  0.02051  0.91376  0.09358  0.78991
1434400782.262 -1.00659 -0.00000  0.02246  0.91101  0.09633  0.78991
1434400782.281 -1.00952 -0.00098  0.02173  0.91284  0.09725  0.78899
1434400782.302 -1.00269 -0.00439  0.02124  0.91284  0.09633  0.79174
1434400782.321 -1.00928  0.00366  0.01904  0.91101  0.09908  0.78716
1434400782.341 -1.01074 -0.00024  0.01929  0.91193  0.09450  0.78807
1434400782.361 -1.00977 -0.00269  0.02051  0.91193  0.09541  0.78807
1434400782.381 -1.00537 -0.00391  0.02368  0.91376  0.09633  0.78991
1434400782.401 -1.00513 -0.00171  0.02271  0.91284  0.09725  0.78624
1434400782.421 -1.00903 -0.00220  0.02368  0.91376  0.09725  0.78716
1434400782.441 -1.00806  0.00049  0.02417  0.91376  0.09541  0.78807
1434400782.462 -1.00757 -0.00220  0.02246  0.91284  0.09725  0.78991
1434400782.481 -1.01001 -0.00122  0.02246  0.91193  0.09266  0.78991
1434400782.502 -1.01001  0.00146  0.02319  0.91009  0.09633  0.78899
1434400782.521 -1.00854 -0.00220  0.02271  0.91193  0.09450  0.78991
1434400782.541 -1.00928 -0.00220  0.02148  0.91009  0.09633  0.78807
1434400782.561 -1.00977 -0.00000  0.02075  0.91101  0.09633  0.78716
1434400782.581 -1.00439  0.00073  0.02222  0.91376  0.09633  0.78899
1434400782.601 -1.00464 -0.00342  0.02100  0.91193  0.09541  0.79174
1434400782.621 -1.00928 -0.00122  0.01855  0.91193  0.09725  0.78899
1434400782.641 -1.00464 -0.00269  0.02051  0.91560  0.09541  0.78624
1434400782.661 -1.00195 -0.00024  0.02148  0.91284  0.09633  0.78899
1434400782.681 -1.00391  0.00146  0.02075  0.91284  0.09633  0.78716
1434400782.702 -1.00537 -0.00317  0.02051  0.91284  0.09633  0.78899
1434400782.721 -1.00244 -0.00000  0.02051  0.91468  0.09633  0.78716
1434400782.741 -1.01050 -0.00415  0.02393  0.91101  0.09908  0.78807
1434400782.761 -1.00781 -0.00171  0.02222  0.91376  0.09725  0.78899
1434400782.781 -1.00928 -0.00293  0.02051  0.91376  0.09541  0.78716
1434400782.801 -1.00854 -0.00024  0.02051  0.91101  0.09817  0.78807
1434400782.821 -1.00952  0.00049  0.01904  0.91101  0.09817  0.78899
1434400782.841 -1.01074 -0.00098  0.02246  0.91193  0.09633  0.78716
1434400782.861 -1.00635 -0.00098  0.02075  0.91101  0.10000  0.78440
1434400782.881 -1.00488 -0.00073  0.02319  0.91376  0.09817  0.78807
1434400782.901 -1.00952 -0.00146  0.01904  0.91376  0.09541  0.78716
1434400782.921 -1.00366 -0.00293  0.02148  0.91468  0.09633  0.79083
1434400782.942 -1.01196 -0.00049  0.02051  0.91560  0.09817  0.78532
1434400782.961 -1.00830 -0.00049  0.02026  0.91468  0.09725  0.78716
1434400782.981 -1.00830 -0.00024  0.02051  0.91101  0.09450  0.78899
1434400783.001 -1.00635  0.00073  0.02222  0.91284  0.09541  0.78716
1434400783.021 -1.00928  0.00098  0.02246  0.91376  0.09541  0.78899
1434400783.041 -1.00781 -0.00244  0.02246  0.91376  0.09541  0.78716
1434400783.061 -1.00781 -0.00391  0.02246  0.91468  0.09725  0.78624
1434400783.081 -1.00757 -0.00293  0.01758  0.91193  0.09633  0.78991
1434400783.101 -1.00610 -0.00244  0.02246  0.91284  0.10000  0.78899
1434400783.121 -1.00781 -0.00098  0.02148  0.91193  0.09633  0.78899
1434400783.141 -1.00732 -0.00342  0.01953  0.91468  0.09633  0.78991
1434400783.161 -1.00464 -0.00073  0.02295  0.91376  0.09725  0.78716
1434400783.181 -1.00342 -0.00244  0.02124  0.90917  0.09541  0.78807
1434400783.201 -1.00879  0.00098  0.02222  0.91376  0.09358  0.78532
1434400783.221 -1.00781 -0.00269  0.02100  0.91284  0.09633  0.78716
1434400783.242 -1.01001 -0.00513  0.02197  0.91284  0.09541  0.78716
1434400783.261 -1.00635  0.00488  0.02246  0.91284  0.09633  0.78807
1434400783.281 -1.00732 -0.00000  0.02173  0.91651  0.09725  0.78716
1434400783.301 -0.99878 -0.00439  0.02417  0.91284  0.09817  0.78807
1434400783.321 -1.00952 -0.00342  0.01953  0.91193  0.09725  0.78807
1434400783.341 -1.00610 -0.00146  0.02734  0.91193  0.09725  0.78349
1434400783.361 -1.00537 -0.00000  0.02002  0.91376  0.09541  0.78807
1434400783.381 -1.00854 -0.00000  0.02222  0.91560  0.09541  0.78807
1434400783.401 -1.01001 -0.00195  0.02148  0.91376  0.09725  0.78899
1434400783.422 -1.00610 -0.00537  0.02197  0.91376  0.09725  0.78807
1434400783.442 -1.01001 -0.00293  0.01758  0.91193  0.09908  0.78807
1434400783.461 -1.00903 -0.00049  0.02002  0.91376  0.09633  0.78716
1434400783.481 -1.01001 -0.00024  0.01953  0.91284  0.09725  0.79083
1434400783.501 -1.01099 -0.00098  0.02368  0.91193  0.09725  0.78624
1434400783.521 -1.00610 -0.00342  0.02100  0.91284  0.09817  0.78807
1434400783.541 -1.00488 -0.00732  0.02002  0.91376  0.09817  0.78807
1434400783.561 -1.00464 -0.00000  0.01953  0.91376  0.09450  0.78716
1434400783.581 -1.01172 -0.00049  0.01904  0.91193  0.09450  0.78899
1434400783.601 -1.01001 -0.00415  0.02393  0.91284  0.09817  0.79817
1434400783.621 -1.00977  0.00024  0.02539  0.91284  0.09725  0.79083
1434400783.641 -1.00049 -0.00146  0.02515  0.91284  0.09633  0.78807
1434400783.661 -1.00708 -0.00171  0.02246  0.91101  0.09908  0.78899
1434400783.681 -1.00684 -0.00269  0.01953  0.91193  0.09725  0.78807
1434400783.701 -1.00415 -0.00024  0.02002  0.91468  0.09541  0.78716
1434400783.722 -1.01001 -0.00122  0.02100  0.91284  0.09908  0.78899
1434400783.741 -1.00928 -0.00000  0.02295  0.91193  0.09633  0.78899
1434400783.761 -1.01074 -0.00024  0.02417  0.91743  0.09358  0.78991
1434400783.781 -1.00879 -0.00000  0.02344  0.91193  0.09908  0.78899
1434400783.801 -1.00439 -0.00195  0.02295  0.91193  0.09633  0.78899
1434400783.821 -1.00732 -0.00366  0.01758  0.91376  0.10092  0.78624
1434400783.841 -1.00781 -0.00244  0.02100  0.91193  0.09725  0.78899
1434400783.861 -1.01025 -0.00317  0.02222  0.91284  0.09908  0.78807
1434400783.882 -1.00806 -0.00464  0.01953  0.91284  0.09633  0.78991
1434400783.901 -1.00464 -0.00049  0.02051  0.91193  0.09541  0.79083
1434400783.922 -1.00928 -0.00171  0.02075  0.91284  0.10183  0.78899
1434400783.941 -1.00879 -0.00366  0.02100  0.91560  0.09633  0.78899
1434400783.961 -1.00732 -0.00049  0.02295  0.91284  0.09633  0.78899
1434400783.981 -1.00732 -0.00293  0.02393  0.91560  0.09541  0.78899
1434400784.001 -1.01440 -0.00073  0.02148  0.91284  0.09725  0.79083
1434400784.021 -1.01050  0.00146  0.02417  0.91009  0.09725  0.79174
1434400784.041 -1.00977 -0.00098  0.02148  0.91376  0.09817  0.78807
1434400784.061 -1.01001 -0.00122  0.02148  0.91284  0.09725  0.78807
1434400784.081 -1.01025 -0.00073  0.02222  0.91101  0.09725  0.78991
1434400784.101 -1.00952 -0.00000  0.02612  0.91468  0.09725  0.78716
1434400784.121 -1.00562 -0.00146  0.01953  0.91468  0.09725  0.78991
1434400784.142 -1.01172 -0.00024  0.02100  0.91284  0.09817  0.79266
1434400784.161 -1.00854  0.00122  0.02539  0.91284  0.09817  0.78716
1434400784.181 -1.00977 -0.00146  0.02051  0.91101  0.09633  0.79174
1434400784.201 -1.00781 -0.00537  0.02612  0.91376  0.09541  0.78899
1434400784.221 -1.00806 -0.00000  0.02075  0.91284  0.09541  0.79083
1434400784.241 -1.00562 -0.00049  0.02173  0.91468  0.09725  0.79083
1434400784.261 -1.00684 -0.00024  0.02100  0.91193  0.10000  0.78991
1434400784.281 -1.01074 -0.00098  0.02368  0.91376  0.09817  0.78807
1434400784.301 -1.00073  0.00098  0.02417  0.91560  0.09450  0.78991
1434400784.322 -1.00781 -0.00122  0.02295  0.91284  0.09450  0.79174
1434400784.341 -1.00903 -0.00415  0.02002  0.91284  0.09817  0.79174
1434400784.361 -1.00513 -0.00049  0.02246  0.91376  0.09725  0.78991
1434400784.381 -1.00537 -0.00073  0.02148  0.91101  0.09633  0.78899
1434400784.401 -1.00903 -0.00073  0.02222  0.91193  0.09817  0.79266
1434400784.421 -1.00903 -0.00220  0.02515  0.91560  0.09633  0.78807
1434400784.441 -1.00684 -0.00146  0.01953  0.91193  0.09725  0.78807
1434400784.461 -1.01074  0.00073  0.02148  0.91284  0.09633  0.79174
1434400784.481 -1.00903 -0.00024  0.02148  0.91468  0.09817  0.79266
1434400784.501 -1.00854  0.00073  0.02124  0.91376  0.09541  0.79083
1434400784.521 -1.01294  0.00122  0.02222  0.91193  0.09450  0.79083
1434400784.541 -1.00537 -0.00098  0.02173  0.91376  0.09541  0.79266
1434400784.562 -1.00049 -0.00195  0.01758  0.91101  0.09633  0.78991
1434400784.582 -1.00537 -0.00342  0.02441  0.91009  0.09725  0.79083
1434400784.602 -1.00488 -0.00000  0.02295  0.91376  0.09633  0.79083
1434400784.622 -1.01099 -0.00073  0.02417  0.91376  0.09541  0.79174
1434400784.641 -1.00903 -0.00073  0.02344  0.91284  0.09908  0.79083
1434400784.661 -1.01025 -0.00073  0.02075  0.91376  0.09450  0.78899
1434400784.681 -1.00513 -0.00073  0.02173  0.91101  0.09541  0.79083
1434400784.701 -1.00366 -0.00024  0.02563  0.91468  0.09725  0.79358
1434400784.721 -1.01099 -0.00146  0.01587  0.91193  0.09266  0.78807
1434400784.741 -1.00439 -0.00366  0.02271  0.91009  0.09725  0.79083
1434400784.762 -1.00098 -0.00195  0.02368  0.91376  0.09908  0.79083
1434400784.782 -1.00366 -0.00244  0.02026  0.91284  0.09633  0.78991
1434400784.802 -1.01050 -0.00317  0.02148  0.91284  0.09908  0.79174
1434400784.822 -1.01099 -0.00269  0.02271  0.91284  0.09725  0.79083
1434400784.842 -1.00708 -0.00464  0.02051  0.91009  0.09266  0.79083
1434400784.862 -1.00732 -0.00342  0.02002  0.91560  0.09633  0.79083
1434400784.881 -1.00635 -0.00146  0.02271  0.91101  0.09725  0.79174
1434400784.901 -1.01196 -0.00439  0.02148  0.91101  0.09817  0.79174
1434400784.921 -1.00342 -0.00293  0.02271  0.91284  0.09358  0.78807
1434400784.941 -1.01099 -0.00098  0.02441  0.91376  0.09541  0.79174
1434400784.961 -1.00952 -0.00122  0.02271  0.91376  0.09450  0.79358
1434400784.981 -1.00879  0.00146  0.02197  0.91101  0.09908  0.79083
1434400785.001 -1.00854 -0.00171  0.01953  0.91284  0.09725  0.78991
1434400785.022 -1.00781 -0.00049  0.02124  0.91376  0.09633  0.78991
1434400785.042 -1.00830 -0.00146  0.01709  0.91009  0.09541  0.79174
1434400785.061 -1.00635  0.00098  0.02173  0.91101  0.09541  0.79174
1434400785.081 -1.00781 -0.00293  0.01953  0.91193  0.09541  0.78899
1434400785.101 -1.00977  0.00122  0.02124  0.91376  0.09541  0.79174
1434400785.121 -1.00635 -0.00220  0.02246  0.91284  0.09633  0.79174
1434400785.141 -1.00952  0.00122  0.01953  0.91193  0.09633  0.78899
1434400785.161 -1.00537 -0.00269  0.02319  0.91560  0.09541  0.79083
1434400785.181 -1.00000 -0.00439  0.02246  0.90917  0.09725  0.78807
1434400785.201 -1.00732  0.00122  0.01880  0.90917  0.09633  0.78899
1434400785.221 -0.99683 -0.00171  0.02319  0.91284  0.09633  0.79358
1434400785.242 -1.00854 -0.00171  0.02368  0.91284  0.09817  0.78807
1434400785.262 -1.01416 -0.00220  0.01953  0.91284  0.09817  0.78807
1434400785.282 -1.01099 -0.00488  0.02271  0.91468  0.09633  0.79266
1434400785.302 -1.00537 -0.00098  0.02368  0.91193  0.09450  0.78991
1434400785.322 -1.00317  0.00098  0.02222  0.91376  0.09541  0.79083
1434400785.341 -1.00708  0.00293  0.01904  0.91468  0.09633  0.79083
1434400785.361 -1.00952 -0.00293  0.02148  0.91193  0.09817  0.79174
1434400785.381 -1.00854 -0.00293  0.01904  0.91376  0.09817  0.78991
1434400785.401 -1.00195 -0.00366  0.02368  0.91284  0.09908  0.79450
1434400785.421 -1.00732 -0.00098  0.01855  0.91101  0.09541  0.78991
1434400785.441 -1.00806 -0.00171  0.02173  0.91193  0.09633  0.78991
1434400785.461 -1.00830 -0.00171  0.01904  0.91376  0.09817  0.78991
1434400785.481 -1.01025  0.00098  0.02051  0.91193  0.09908  0.79083
1434400785.502 -1.00659 -0.00342  0.02075  0.91101  0.10000  0.79266
1434400785.522 -1.00464 -0.00098  0.02197  0.91376  0.09725  0.79358
1434400785.542 -1.00488 -0.00269  0.02222  0.91284  0.09541  0.79083
1434400785.561 -1.00562 -0.00146  0.02002  0.91376  0.09725  0.79174
1434400785.581 -1.01025 -0.00195  0.01831  0.91193  0.09817  0.79174
1434400785.601 -1.00684  0.00098  0.02051  0.91009  0.09450  0.78991
1434400785.621 -1.01001 -0.00220  0.02344  0.91284  0.09817  0.79083
1434400785.641 -1.00903 -0.00049  0.02100  0.91193  0.09725  0.78991
1434400785.661 -1.00854 -0.00342  0.01855  0.91101  0.11101  0.79083
1434400785.681 -1.00488 -0.00269  0.02197  0.91651  0.09817  0.79174
1434400785.701 -1.01001 -0.00195  0.01782  0.91284  0.07982  0.79266
1434400785.722 -1.00928  0.00073  0.02002  0.90917  0.09817  0.79083
1434400785.742 -1.00879 -0.00488  0.02246  0.90917  0.09174  0.79266
1434400785.762 -1.00073  0.00098  0.02173  0.91560  0.09725  0.78991
1434400785.782 -1.00806 -0.00244  0.01855  0.91284  0.09817  0.79083
1434400785.802 -1.00977  0.00146  0.02197  0.91284  0.09450  0.78991
1434400785.821 -1.00464 -0.00049  0.02051  0.91193  0.09725  0.79083
1434400785.841 -1.00757 -0.00317  0.02173  0.91376  0.09633  0.79083
1434400785.861 -1.00659 -0.00220  0.02148  0.91101  0.10000  0.78991
1434400785.881 -1.00366 -0.00220  0.02148  0.91376  0.09908  0.79083
1434400785.901 -1.00708  0.00269  0.02319  0.90642  0.09450  0.79174
1434400785.921 -1.00098 -0.00439  0.02319  0.91284  0.09541  0.79174
1434400785.941 -1.00098 -0.00024  0.02783  0.91284  0.09725  0.78899
1434400785.961 -1.00488 -0.00220  0.02466  0.91284  0.09450  0.78807
1434400785.982 -1.00537 -0.00049  0.02368  0.91560  0.09725  0.79174
1434400786.002 -1.00732 -0.00098  0.02051  0.91193  0.09450  0.79083
1434400786.022 -1.01147 -0.00122  0.02271  0.91284  0.09725  0.79358
1434400786.042 -1.00879  0.00342  0.02295  0.91009  0.09817  0.79083
1434400786.061 -1.00903 -0.00610  0.02002  0.91284  0.09725  0.78716
1434400786.081 -1.01001 -0.00562  0.01953  0.91193  0.09908  0.78991
1434400786.101 -1.01074 -0.00366  0.01953  0.91376  0.09725  0.79174
1434400786.121 -1.00098 -0.00098  0.02661  0.91284  0.09817  0.79174
1434400786.141 -1.00757 -0.00049  0.02148  0.91193  0.09358  0.79174
1434400786.161 -1.00464 -0.00635  0.01953  0.91193  0.09450  0.79174
1434400786.181 -1.01025 -0.00049  0.02271  0.91193  0.09725  0.78991
1434400786.201 -1.00928  0.00195  0.02148  0.91376  0.10183  0.79358
1434400786.222 -1.00415  0.00220  0.01807  0.91284  0.09633  0.79174
1434400786.242 -1.00879 -0.00195  0.02100  0.91376  0.09817  0.79083
1434400786.262 -1.01221 -0.00317  0.02173  0.91193  0.09725  0.78716
1434400786.282 -1.00854 -0.00391  0.02002  0.91101  0.09541  0.79083
1434400786.302 -1.00439  0.00269  0.02271  0.91376  0.09450  0.78991
1434400786.321 -1.00781 -0.00073  0.02441  0.91101  0.10000  0.78716
1434400786.341 -1.01050 -0.00171  0.02124  0.91284  0.09633  0.79083
1434400786.361 -1.00635 -0.00366  0.02295  0.91284  0.09541  0.78991
1434400786.381 -1.01001  0.00098  0.02100  0.91193  0.09908  0.78991
1434400786.401 -1.00806  0.00195  0.02197  0.91284  0.09358  0.79266
1434400786.421 -1.00195  0.00073  0.02124  0.91376  0.09358  0.79358
1434400786.441 -1.00464 -0.00293  0.01709  0.91101  0.09450  0.78807
1434400786.462 -1.00317  0.00244  0.02197  0.91101  0.09633  0.78991
1434400786.482 -1.00952  0.00342  0.01807  0.91193  0.09725  0.79358
1434400786.502 -1.01123 -0.00073  0.02417  0.91468  0.09541  0.78991
1434400786.522 -1.00415  0.00220  0.02100  0.91376  0.09633  0.78807
1434400786.541 -1.00610 -0.00317  0.02319  0.90917  0.10000  0.79083
1434400786.561 -1.00586 -0.00000  0.02319  0.91193  0.09633  0.79174
1434400786.581 -1.00537 -0.00806  0.02002  0.91284  0.10092  0.79083
1434400786.601 -1.00537  0.00049  0.02393  0.91193  0.09725  0.78991
1434400786.621 -1.00977 -0.00000  0.02271  0.91193  0.09817  0.79266
1434400786.641 -1.00610 -0.00293  0.02051  0.91193  0.10183  0.79266
1434400786.661 -1.00854 -0.00317  0.02246  0.91284  0.09725  0.79083
1434400786.681 -1.00757 -0.00000  0.02148  0.91284  0.09817  0.79174
1434400786.701 -1.01025 -0.00293  0.02100  0.91009  0.09725  0.79083
1434400786.722 -1.00537 -0.00073  0.02124  0.90917  0.09725  0.79083
1434400786.742 -1.00830 -0.00122  0.02173  0.91193  0.09817  0.78991
1434400786.761 -1.01050 -0.00171  0.02197  0.91193  0.09725  0.79174
1434400786.781 -1.00293 -0.00098  0.02075  0.91376  0.09633  0.79083
1434400786.801 -1.00952 -0.00366  0.02075  0.91284  0.10000  0.78899
1434400786.821 -1.00537  0.00024  0.02246  0.91193  0.09633  0.78991
1434400786.841 -1.00903 -0.00244  0.02148  0.91376  0.10000  0.79083
1434400786.861 -1.00977 -0.00146  0.02026  0.91743  0.09725  0.79083
1434400786.881 -1.00586 -0.00317  0.01807  0.91101  0.09725  0.78899
1434400786.901 -1.00391 -0.00488  0.01855  0.91193  0.09541  0.78991
1434400786.921 -1.00244 -0.00195  0.02490  0.91284  0.09725  0.78899
1434400786.942 -1.00220 -0.00342  0.02246  0.91009  0.09541  0.79083
1434400786.962 -1.00732 -0.00366  0.02173  0.91284  0.09725  0.78899
1434400786.982 -1.00952 -0.00537  0.02075  0.91101  0.09817  0.78991
1434400787.002 -1.00635 -0.00464  0.02295  0.91376  0.09633  0.79083
1434400787.021 -1.00830 -0.00244  0.02051  0.91193  0.09541  0.79174
1434400787.041 -1.00635 -0.00415  0.02100  0.91193  0.09817  0.78899
1434400787.061 -1.00879 -0.00244  0.01709  0.91101  0.09817  0.79083
1434400787.081 -1.00977 -0.00049  0.02271  0.91284  0.10092  0.78991
1434400787.101 -1.00293 -0.00049  0.02197  0.91101  0.09725  0.79174
1434400787.121 -1.00610  0.00073  0.02100  0.91193  0.09908  0.79083
1434400787.141 -1.01245 -0.00464  0.02295  0.91284  0.09633  0.79083
1434400787.162 -1.00391 -0.00171  0.02148  0.91284  0.09450  0.79174
1434400787.182 -1.00977 -0.00195  0.01758  0.91376  0.09725  0.79083
1434400787.202 -1.01025 -0.00439  0.02051  0.91009  0.09908  0.79266
1434400787.221 -1.00513 -0.00342  0.02100  0.91284  0.09908  0.79174
1434400787.241 -1.01001 -0.00000  0.02051  0.91284  0.09633  0.78991
1434400787.261 -1.00220 -0.00342  0.02051  0.91193  0.09541  0.79083
1434400787.281 -1.01099 -0.00269  0.02051  0.91284  0.09541  0.78991
1434400787.301 -1.00464  0.00171  0.02148  0.91284  0.09908  0.78991
1434400787.321 -1.00854  0.00024  0.01758  0.91009  0.10367  0.78991
1434400787.341 -1.00952 -0.00317  0.01855  0.91101  0.09541  0.79174
1434400787.362 -1.00830 -0.00195  0.02051  0.91468  0.09908  0.79174
1434400787.382 -1.00903 -0.00146  0.02344  0.91284  0.09541  0.78991
1434400787.401 -1.00806 -0.00024  0.02197  0.91101  0.09725  0.79174
1434400787.421 -1.01270 -0.00195  0.01685  0.91193  0.09817  0.78991
1434400787.441 -1.00537  0.00122  0.02319  0.91193  0.09817  0.79450
1434400787.461 -1.00903 -0.00000  0.02515  0.91193  0.09633  0.79083
1434400787.481 -1.00928 -0.00122  0.02197  0.91284  0.09633  0.78899
1434400787.501 -1.00464 -0.00098  0.02393  0.91468  0.09633  0.79266
1434400787.521 -1.00952 -0.00269  0.02075  0.91376  0.09725  0.78991
1434400787.541 -1.00366 -0.00366  0.02466  0.91376  0.09725  0.78899
1434400787.562 -1.00781 -0.00000  0.02173  0.90917  0.09908  0.79083
1434400787.581 -1.00586  0.00122  0.01953  0.91284  0.09633  0.78991
1434400787.601 -1.01074 -0.00269  0.02222  0.91193  0.09908  0.78899
1434400787.621 -1.01221 -0.00098  0.02148  0.91468  0.09541  0.79083
1434400787.641 -1.00928  0.00146  0.02368  0.91193  0.09450  0.79174
1434400787.661 -1.00903 -0.00488  0.02466  0.91468  0.09725  0.79174
1434400787.681 -1.01099 -0.00269  0.02173  0.91376  0.09633  0.78991
1434400787.701 -1.00903 -0.00073  0.02393  0.91193  0.09817  0.79083
1434400787.721 -1.00635 -0.00220  0.02637  0.91193  0.09817  0.79083
1434400787.741 -1.00806 -0.00317  0.02295  0.91468  0.09541  0.79083
1434400787.761 -1.00610 -0.00269  0.02417  0.91193  0.11284  0.78716
1434400787.781 -1.00879  0.00049  0.02368  0.91101  0.09633  0.78991
1434400787.801 -1.01099 -0.00635  0.02002  0.91468  0.09450  0.78991
1434400787.822 -1.00562 -0.00049  0.02710  0.91284  0.09633  0.79083
1434400787.841 -1.00879 -0.00220  0.02124  0.91284  0.09725  0.79083
1434400787.862 -1.01001  0.00073  0.02637  0.91284  0.09817  0.78899
1434400787.881 -1.01172 -0.00171  0.02563  0.91193  0.09725  0.79266
1434400787.901 -1.00757 -0.00317  0.02222  0.91284  0.09725  0.78991
1434400787.921 -1.00830 -0.00122  0.02002  0.91376  0.09725  0.78807
1434400787.941 -1.00562  0.00073  0.02051  0.91193  0.09633  0.78899
1434400787.961 -1.00903 -0.00366  0.02319  0.90734  0.09633  0.78807
1434400787.981 -1.01172 -0.00244  0.01855  0.91193  0.09450  0.78991
1434400788.001 -1.00952 -0.00317  0.02100  0.91101  0.09633  0.79358
1434400788.021 -1.00415  0.00073  0.02222  0.91468  0.09908  0.78899
1434400788.041 -1.00781 -0.00586  0.02344  0.91193  0.09450  0.78807
1434400788.062 -1.00854 -0.00317  0.02661  0.91560  0.09633  0.79083
1434400788.081 -1.00220 -0.00171  0.02100  0.91101  0.09725  0.79266
1434400788.101 -1.00537 -0.00073  0.02271  0.91560  0.09725  0.79083
1434400788.121 -0.99780  0.00098  0.02319  0.91193  0.09817  0.78991
1434400788.142 -1.00586 -0.00171  0.02271  0.91376  0.09908  0.78807
1434400788.161 -1.00732 -0.00366  0.02197  0.91284  0.09817  0.79083
1434400788.181 -1.00269  0.00391  0.02002  0.91101  0.09725  0.79174
1434400788.201 -1.00830 -0.00342  0.02466  0.91376  0.09817  0.79083
1434400788.221 -1.00537  0.00049  0.02100  0.91284  0.09817  0.79266
1434400788.241 -1.00903 -0.00049  0.02466  0.91193  0.09908  0.79174
1434400788.261 -1.00806 -0.00171  0.02539  0.91101  0.09817  0.79083
1434400788.281 -1.00562 -0.00098  0.02417  0.91009  0.09817  0.79174
1434400788.302 -1.01147 -0.00293  0.01953  0.91009  0.10000  0.79083
1434400788.322 -1.00928 -0.00220  0.02100  0.90917  0.09817  0.79174
1434400788.341 -1.00537 -0.00342  0.02417  0.91101  0.09725  0.79083
1434400788.362 -1.00952 -0.00098  0.02002  0.91193  0.09725  0.78899
1434400788.381 -1.00488  0.00146  0.02100  0.91101  0.09908  0.78991
1434400788.401 -1.00464 -0.00366  0.02441  0.91284  0.09725  0.79083
1434400788.421 -1.00977 -0.00317  0.02051  0.91101  0.09541  0.79174
1434400788.441 -1.00464 -0.00317  0.02246  0.91284  0.09817  0.79083
1434400788.461 -1.00903 -0.00049  0.01953  0.91468  0.09358  0.78899
1434400788.481 -1.00464 -0.00146  0.02271  0.91284  0.09541  0.79174
1434400788.501 -1.00586 -0.00073  0.02368  0.91009  0.10092  0.79174
1434400788.522 -1.01270 -0.00439  0.01855  0.91101  0.10367  0.79174
1434400788.541 -1.00928 -0.00195  0.02271  0.91376  0.09450  0.79266
1434400788.562 -1.00146 -0.00220  0.02002  0.91284  0.09725  0.79083
1434400788.582 -1.00098 -0.00293  0.01733  0.91101  0.09725  0.79083
1434400788.601 -1.00928 -0.00146  0.02173  0.91284  0.09633  0.79083
1434400788.621 -1.00464 -0.00391  0.02148  0.90917  0.09725  0.79266
1434400788.641 -1.00928 -0.00342  0.01855  0.91193  0.09817  0.79266
1434400788.661 -1.00854 -0.00366  0.01978  0.91009  0.09725  0.79083
1434400788.681 -1.00562 -0.00171  0.02295  0.90917  0.09725  0.79083
1434400788.701 -1.00586 -0.00098  0.02148  0.91468  0.09541  0.79266
1434400788.721 -1.00928 -0.00146  0.01855  0.91009  0.09633  0.79174
1434400788.741 -1.01172 -0.00098  0.02563  0.91193  0.09908  0.78624
1434400788.762 -1.00952  0.00146  0.02002  0.91101  0.09633  0.78716
1434400788.782 -1.00781 -0.00195  0.02441  0.91009  0.09908  0.79266
1434400788.801 -1.01074 -0.00098  0.01953  0.91376  0.09817  0.79174
1434400788.822 -1.01147  0.00342  0.02246  0.91284  0.09633  0.79174
1434400788.841 -1.00586 -0.00586  0.02173  0.91193  0.09817  0.79358
1434400788.861 -1.01221 -0.00171  0.02002  0.91284  0.09633  0.78899
1434400788.881 -1.00879 -0.00000  0.02368  0.91284  0.09358  0.79174
1434400788.901 -1.00171 -0.00049  0.02417  0.91193  0.09817  0.79083
1434400788.921 -1.00879 -0.00171  0.02271  0.91193  0.09725  0.79083
1434400788.941 -1.00977  0.00098  0.02002  0.91101  0.09633  0.79083
1434400788.961 -1.00195  0.00024  0.02002  0.91376  0.09266  0.78899
1434400788.981 -1.00513 -0.00342  0.01685  0.91560  0.09541  0.79266
1434400789.002 -1.00562  0.00220  0.02271  0.91101  0.09541  0.78991
1434400789.022 -1.00317 -0.00146  0.02588  0.91284  0.09541  0.79174
1434400789.042 -1.00806 -0.00000  0.02051  0.91468  0.09633  0.79174
1434400789.061 -1.00830 -0.00171  0.01855  0.91009  0.09725  0.79174
1434400789.081 -1.01001 -0.00146  0.02148  0.91468  0.09725  0.79266
1434400789.101 -1.00854 -0.00488  0.02100  0.91101  0.09725  0.79083
1434400789.121 -1.00781  0.00049  0.02441  0.91560  0.09817  0.79083
1434400789.141 -1.00513 -0.00610  0.01758  0.91193  0.09633  0.79174
1434400789.161 -1.00586 -0.00171  0.02271  0.91284  0.09725  0.78899
1434400789.181 -1.00610 -0.00146  0.02051  0.91284  0.09541  0.79174
1434400789.202 -1.00806 -0.00049  0.02124  0.91560  0.09541  0.78991
1434400789.222 -1.00244 -0.00220  0.02075  0.91376  0.09725  0.79266
1434400789.242 -0.99756 -0.00195  0.02344  0.91193  0.09817  0.79174
1434400789.261 -1.00830 -0.00122  0.02319  0.91009  0.09817  0.78991
1434400789.281 -1.00708 -0.00146  0.02148  0.91468  0.09450  0.78991
1434400789.301 -1.00781 -0.00049  0.01953  0.91468  0.09725  0.78991
1434400789.321 -1.01123 -0.00317  0.01855  0.91468  0.09908  0.79266
1434400789.341 -1.00439 -0.00000  0.02222  0.91193  0.09817  0.78991
1434400789.361 -1.01074  0.00073  0.02246  0.91193  0.09817  0.79083
1434400789.381 -0.99854  0.00073  0.01904  0.90826  0.09541  0.78899
1434400789.401 -1.00562 -0.00293  0.02222  0.91468  0.09541  0.79266
1434400789.422 -1.00684 -0.00269  0.02124  0.91376  0.10000  0.79083
1434400789.441 -1.01001 -0.00342  0.02002  0.91193  0.09725  0.79358
1434400789.461 -1.00586 -0.00415  0.02295  0.91376  0.09908  0.78991
1434400789.481 -1.00586 -0.00366  0.02197  0.91193  0.09633  0.79174
1434400789.501 -1.00732 -0.00122  0.02100  0.91284  0.09908  0.78991
1434400789.521 -1.01196  0.00024  0.02197  0.91284  0.09725  0.78991
1434400789.541 -1.00586 -0.00098  0.02100  0.91284  0.09817  0.78807
1434400789.561 -1.00366  0.00024  0.02197  0.91101  0.09817  0.79083
1434400789.581 -1.01074 -0.00000  0.02295  0.91101  0.09541  0.78899
1434400789.601 -1.00781 -0.00024  0.02344  0.91284  0.09541  0.79174
1434400789.621 -1.00879  0.00073  0.02100  0.91101  0.09725  0.79174
1434400789.641 -1.00024  0.00122  0.02002  0.91376  0.09725  0.79174
1434400789.661 -1.00854 -0.00220  0.02466  0.91193  0.09725  0.79266
1434400789.682 -1.00732 -0.00220  0.02173  0.91193  0.09725  0.78899
1434400789.701 -1.00903 -0.00220  0.02173  0.90826  0.09266  0.79083
1434400789.721 -1.00879 -0.00024  0.02100  0.91193  0.09725  0.79358
1434400789.741 -1.00854 -0.00244  0.02368  0.91376  0.09908  0.79083
1434400789.761 -1.00122  0.00098  0.02197  0.91101  0.09633  0.79083
1434400789.781 -1.00732 -0.00195  0.02173  0.91376  0.09817  0.79358
1434400789.801 -1.00415 -0.00415  0.02319  0.91468  0.09541  0.79083
1434400789.821 -1.00757 -0.00464  0.02319  0.91101  0.09725  0.78899
1434400789.841 -1.01367  0.00122  0.01782  0.91101  0.09633  0.79083
1434400789.861 -1.00317 -0.00366  0.02173  0.91284  0.09541  0.78991
1434400789.881 -1.00464 -0.00537  0.02319  0.91101  0.09725  0.79266
1434400789.901 -1.00439 -0.00317  0.02173  0.91101  0.09541  0.78716
1434400789.921 -1.00635 -0.00415  0.02051  0.91284  0.09633  0.79083
1434400789.942 -1.00903 -0.00439  0.02075  0.91376  0.09633  0.79174
1434400789.961 -1.00635 -0.00049  0.01953  0.91284  0.09633  0.79174
1434400789.981 -1.01025 -0.00171  0.02588  0.91193  0.09633  0.78807
1434400790.001 -1.00757 -0.00049  0.01807  0.91284  0.09725  0.79083
1434400790.021 -1.01001 -0.00195  0.02295  0.91468  0.09450  0.79083
1434400790.041 -1.00342 -0.00220  0.02295  0.91376  0.09725  0.78991
1434400790.061 -1.01172 -0.00049  0.02100  0.91284  0.09541  0.79083
1434400790.081 -1.00220 -0.00366  0.02393  0.91284  0.09725  0.79083
1434400790.101 -1.00513  0.00049  0.02295  0.91101  0.09083  0.79174
1434400790.121 -1.00195 -0.00098  0.02100  0.91284  0.09541  0.78991
1434400790.141 -1.00586 -0.00024  0.02368  0.91284  0.09725  0.79083
1434400790.161 -1.00659 -0.00024  0.02344  0.91376  0.09817  0.79083
1434400790.181 -1.00439 -0.00171  0.02197  0.91284  0.09908  0.78991
1434400790.201 -1.00903 -0.00220  0.02100  0.91376  0.09725  0.79174
1434400790.221 -1.00366 -0.00146  0.02100  0.91009  0.09633  0.79358
1434400790.241 -1.00830 -0.00415  0.02197  0.91193  0.09817  0.79083
1434400790.261 -1.00439  0.00049  0.02295  0.91101  0.09817  0.78716
1434400790.281 -1.00977 -0.00049  0.02319  0.91009  0.09541  0.79083
1434400790.301 -1.01074  0.00220  0.02319  0.91193  0.09908  0.79083
1434400790.321 -1.01001 -0.00049  0.02100  0.91193  0.09725  0.79174
1434400790.341 -1.00635 -0.00269  0.01904  0.91193  0.09725  0.79174
1434400790.361 -1.00928  0.00024  0.02100  0.91193  0.09541  0.78899
1434400790.382 -1.00562 -0.00171  0.02148  0.91284  0.09725  0.79083
1434400790.401 -1.00537 -0.00146  0.02051  0.91101  0.09725  0.79174
1434400790.422 -1.01172  0.00049  0.02075  0.91009  0.09817  0.79083
1434400790.441 -1.00854 -0.00073  0.02148  0.91193  0.09725  0.78899
1434400790.461 -1.00391 -0.00146  0.01733  0.91193  0.09725  0.79083
1434400790.481 -1.00830 -0.00659  0.02417  0.91193  0.09633  0.78991
1434400790.501 -1.00610  0.00293  0.02002  0.91651  0.09817  0.79174
1434400790.521 -1.00220 -0.00195  0.02002  0.91193  0.09541  0.78899
1434400790.541 -1.00586 -0.00122  0.02100  0.91284  0.09817  0.78991
1434400790.561 -1.00366 -0.00073  0.01904  0.91101  0.09633  0.78991
1434400790.581 -1.00269 -0.00098  0.02148  0.91376  0.09817  0.79174
1434400790.601 -1.00684 -0.00122  0.01929  0.91193  0.09633  0.79174
1434400790.621 -1.00293 -0.00439  0.01953  0.91284  0.09817  0.78899
1434400790.642 -1.00952 -0.00293  0.01855  0.91193  0.09908  0.78807
1434400790.661 -1.00879 -0.00171  0.02197  0.91193  0.09633  0.79266
1434400790.681 -1.00977  0.00098  0.02222  0.91376  0.09725  0.79083
1434400790.701 -1.00220 -0.00220  0.02344  0.91376  0.09450  0.78991
1434400790.721 -1.01050 -0.00146  0.02661  0.91193  0.09633  0.79083
1434400790.741 -1.00635 -0.00171  0.02002  0.91101  0.09725  0.78899
1434400790.761 -1.00464 -0.00488  0.02368  0.91284  0.09725  0.78991
1434400790.781 -1.01123 -0.00024  0.02295  0.91193  0.09541  0.78991
1434400790.801 -1.00952 -0.00366  0.02100  0.91376  0.09541  0.78991
1434400790.822 -1.01050 -0.00195  0.01709  0.91376  0.09908  0.79083
1434400790.841 -1.00635 -0.00293  0.02563  0.90917  0.09908  0.79083
1434400790.861 -1.00952 -0.00000  0.02710  0.91193  0.10000  0.79358
1434400790.881 -1.00854 -0.00488  0.02148  0.91101  0.09633  0.79266
1434400790.901 -1.00903  0.00024  0.01636  0.91376  0.09174  0.78991
1434400790.921 -1.00830 -0.00098  0.02100  0.91376  0.09633  0.78899
1434400790.941 -1.00391 -0.00293  0.01855  0.91009  0.09725  0.78991
1434400790.961 -1.00952 -0.00122  0.02148  0.91376  0.10000  0.78807
1434400790.981 -1.00464 -0.00171  0.02002  0.91376  0.09908  0.78807
1434400791.001 -1.00122 -0.00171  0.02295  0.91284  0.09817  0.78807
1434400791.021 -1.01001 -0.00342  0.02368  0.91284  0.10000  0.79541
1434400791.042 -1.00488 -0.00439  0.02271  0.91284  0.10183  0.79174
1434400791.061 -1.00464 -0.00537  0.02100  0.91651  0.09725  0.79083
1434400791.081 -1.01245  0.00024  0.02100  0.91193  0.09908  0.78899
1434400791.101 -1.00757 -0.00171  0.01904  0.90826  0.09633  0.79174
1434400791.121 -1.00513  0.00049  0.02124  0.91101  0.09908  0.79174
1434400791.141 -1.01025 -0.00098  0.02417  0.91193  0.09541  0.78991
1434400791.161 -1.00732 -0.00195  0.02100  0.91376  0.09633  0.78807
1434400791.181 -1.00537 -0.00342  0.02393  0.91009  0.09633  0.78716
1434400791.201 -1.00952 -0.00171  0.02441  0.90917  0.09817  0.78716
1434400791.221 -1.00952 -0.00635  0.01807  0.91009  0.09725  0.79266
1434400791.241 -1.00952 -0.00171  0.02319  0.91468  0.09725  0.79266
1434400791.261 -1.00684 -0.00122  0.02368  0.91009  0.09817  0.78991
1434400791.282 -1.00879 -0.00000  0.02295  0.91101  0.09633  0.79266
1434400791.301 -1.00977 -0.00024  0.02344  0.91009  0.09358  0.79174
1434400791.321 -1.00586 -0.00293  0.02002  0.91376  0.11009  0.79450
1434400791.341 -1.00513 -0.00562  0.01978  0.91376  0.09817  0.78899
1434400791.361 -1.00562  0.00049  0.02368  0.91101  0.09541  0.78807
1434400791.381 -1.00952  0.00146  0.02246  0.91376  0.09725  0.79174
1434400791.401 -1.01050 -0.00293  0.02295  0.91193  0.09725  0.79083
1434400791.421 -0.99951  0.00098  0.01855  0.91101  0.09541  0.79083
1434400791.441 -1.00806 -0.00488  0.02344  0.91468  0.09725  0.78899
1434400791.461 -1.00952 -0.00171  0.02222  0.91468  0.09450  0.78991
1434400791.481 -1.01196 -0.00342  0.02295  0.91560  0.09725  0.79083
1434400791.501 -1.00586 -0.00244  0.02539  0.91101  0.09908  0.79174
1434400791.522 -1.00537 -0.00146  0.02319  0.91193  0.09633  0.79358
1434400791.541 -1.01270 -0.00439  0.02002  0.91284  0.09908  0.79083
1434400791.561 -1.00488 -0.00195  0.02588  0.91284  0.09817  0.79174
1434400791.581 -1.00903 -0.00220  0.02319  0.91009  0.09633  0.79083
1434400791.601 -1.00781  0.00073  0.02051  0.91284  0.09725  0.79450
1434400791.621 -1.00684 -0.00049  0.02539  0.91376  0.09725  0.78807
1434400791.641 -1.00220 -0.00269  0.01953  0.91193  0.09450  0.78807
1434400791.661 -1.00806 -0.00269  0.01929  0.91376  0.09817  0.79083
1434400791.681 -1.01001 -0.00317  0.02271  0.91468  0.09633  0.79083
1434400791.701 -1.01172 -0.00220  0.02246  0.91009  0.09725  0.78899
1434400791.721 -1.00757 -0.00024  0.02295  0.91560  0.09817  0.79266
1434400791.742 -1.01172 -0.00098  0.02246  0.91101  0.09725  0.79083
1434400791.761 -1.00903 -0.00244  0.01953  0.91193  0.09450  0.78991
1434400791.781 -1.00659 -0.00000  0.02222  0.91284  0.09450  0.78991
1434400791.802 -1.00562 -0.00342  0.02393  0.91101  0.09633  0.78991
1434400791.821 -1.00269 -0.00195  0.02222  0.91193  0.09450  0.79174
1434400791.841 -1.00952 -0.00439  0.02173  0.91468  0.09908  0.79358
1434400791.861 -1.00659 -0.00024  0.01880  0.91376  0.09541  0.78899
1434400791.881 -1.00464 -0.00049  0.02466  0.91284  0.09817  0.79083
1434400791.901 -1.00903  0.00171  0.02051  0.91284  0.09633  0.79083
1434400791.921 -1.00537 -0.00244  0.02466  0.91284  0.09725  0.79266
1434400791.941 -0.99927 -0.00317  0.02197  0.90917  0.09633  0.79266
1434400791.961 -1.01001 -0.00488  0.02466  0.91284  0.09450  0.79266
1434400791.982 -1.00977 -0.00562  0.02124  0.91101  0.09817  0.79083
1434400792.001 -1.01123 -0.00366  0.02075  0.91284  0.09725  0.79266
1434400792.021 -1.00879 -0.00122  0.02295  0.91376  0.09541  0.78991
1434400792.042 -1.00757  0.00391  0.02173  0.91284  0.09817  0.79083
1434400792.061 -1.00562 -0.00122  0.02222  0.91101  0.09633  0.79174
1434400792.081 -1.00952 -0.00122  0.02393  0.91560  0.09725  0.78899
1434400792.101 -1.00952 -0.00122  0.02051  0.91193  0.09725  0.79541
1434400792.121 -1.00488 -0.00317  0.01855  0.91560  0.09633  0.79541
1434400792.141 -1.00928 -0.00195  0.02173  0.91376  0.09725  0.79083
1434400792.161 -1.00488  0.00146  0.01953  0.91376  0.09541  0.78991
1434400792.181 -1.00562 -0.00000  0.02173  0.91376  0.09541  0.79174
1434400792.202 -1.01001 -0.00000  0.02197  0.91468  0.09541  0.78991
1434400792.222 -1.00928 -0.00317  0.02197  0.91284  0.09817  0.79174
1434400792.242 -1.00806 -0.00000  0.02368  0.91284  0.09541  0.78991
1434400792.261 -1.00952 -0.00317  0.02173  0.91193  0.09633  0.79174
1434400792.281 -1.00610 -0.00366  0.02271  0.91193  0.09725  0.78899
1434400792.301 -1.00635  0.00024  0.02222  0.91009  0.11009  0.78991
1434400792.321 -1.00513  0.00146  0.01904  0.91101  0.09541  0.78991
1434400792.341 -1.00488  0.00098  0.02100  0.91376  0.09450  0.79174
1434400792.361 -1.00366 -0.00269  0.02173  0.91284  0.09908  0.79266
1434400792.381 -1.00806 -0.00317  0.01929  0.91193  0.09817  0.79174
1434400792.402 -1.00781 -0.00098  0.02051  0.91009  0.09450  0.78991
1434400792.422 -1.00488 -0.00073  0.02246  0.91193  0.09450  0.78899
1434400792.441 -1.00781  0.00293  0.02075  0.91009  0.09633  0.79174
1434400792.461 -1.01196 -0.00391  0.01709  0.91193  0.09817  0.79083
1434400792.482 -1.00952 -0.00146  0.02490  0.91284  0.10000  0.78991
1434400792.501 -1.00732 -0.00366  0.02173  0.91193  0.09450  0.79083
1434400792.521 -1.00806 -0.00342  0.02246  0.91009  0.09633  0.79266
1434400792.541 -1.00635 -0.00269  0.02271  0.91284  0.09908  0.79266
1434400792.561 -0.99854  0.00171  0.02295  0.91284  0.09817  0.78807
1434400792.581 -1.00903 -0.00024  0.01978  0.91009  0.09633  0.78899
1434400792.601 -1.01147 -0.00024  0.02075  0.91101  0.09633  0.79358
1434400792.622 -1.00854  0.00024  0.02246  0.91284  0.09633  0.79358
1434400792.642 -1.01270 -0.00146  0.02319  0.91284  0.09633  0.78899
1434400792.661 -1.01392 -0.00342  0.02148  0.91193  0.09633  0.79083
1434400792.682 -1.00903  0.00220  0.02368  0.91284  0.09633  0.78899
1434400792.701 -1.00879 -0.00049  0.02393  0.91284  0.09817  0.79083
1434400792.721 -1.01025 -0.00024  0.02441  0.91193  0.09633  0.79083
1434400792.741 -1.00879 -0.00098  0.01855  0.91284  0.09450  0.78991
1434400792.761 -1.01001 -0.00269  0.01953  0.91193  0.09908  0.79174
1434400792.781 -1.00879 -0.00049  0.02222  0.91101  0.09541  0.79083
1434400792.801 -1.00171 -0.00586  0.01904  0.91651  0.09633  0.79174
1434400792.822 -1.00659 -0.00049  0.02002  0.91284  0.09633  0.78991
1434400792.842 -1.00464 -0.00342  0.02100  0.91101  0.09633  0.79174
1434400792.862 -1.01025 -0.00024  0.02441  0.91468  0.09358  0.79083
1434400792.882 -1.00732 -0.00098  0.02271  0.91376  0.09817  0.79174
1434400792.901 -1.00024 -0.00366  0.01904  0.90826  0.08991  0.78991
1434400792.921 -1.00537 -0.00269  0.02075  0.91101  0.09633  0.79083
1434400792.941 -1.00781 -0.00317  0.02197  0.91101  0.09817  0.78716
1434400792.961 -1.01001 -0.00537  0.02002  0.91101  0.09450  0.79083
1434400792.981 -1.00635 -0.00073  0.02319  0.91376  0.09725  0.79083
1434400793.001 -1.01050 -0.00146  0.02539  0.91284  0.09633  0.78991
1434400793.021 -1.00708 -0.00366  0.01929  0.91284  0.09450  0.79083
1434400793.041 -1.01294  0.00122  0.02222  0.91376  0.09541  0.79083
1434400793.062 -1.00342 -0.00024  0.01953  0.91376  0.09358  0.79083
1434400793.082 -1.00244 -0.00122  0.02490  0.91193  0.09725  0.79266
1434400793.101 -1.00879 -0.00244  0.02197  0.91193  0.09725  0.79266
1434400793.121 -1.00537 -0.00171  0.02197  0.91284  0.09633  0.79083
1434400793.141 -1.00464 -0.00024  0.02075  0.91193  0.09541  0.78991
1434400793.161 -1.00806 -0.00146  0.02319  0.91468  0.09358  0.79174
1434400793.181 -1.00757 -0.00171  0.01953  0.91468  0.09725  0.79174
1434400793.201 -1.00806 -0.00171  0.01709  0.91193  0.09817  0.79083
1434400793.221 -1.00952 -0.00342  0.02417  0.91560  0.09633  0.79174
1434400793.241 -1.00806 -0.00098  0.02686  0.90917  0.09725  0.79083
1434400793.261 -1.00439 -0.00098  0.02319  0.91101  0.09633  0.78807
1434400793.282 -1.00366 -0.00220  0.02246  0.91009  0.09725  0.78899
1434400793.301 -1.00952  0.00146  0.02075  0.91284  0.09633  0.79358
1434400793.322 -1.00098 -0.00171  0.01904  0.91193  0.09725  0.79358
1434400793.341 -1.00903 -0.00146  0.02124  0.91376  0.09633  0.79266
1434400793.361 -1.00732 -0.00073  0.02075  0.91193  0.09541  0.78899
1434400793.381 -1.00684 -0.00049  0.02222  0.91468  0.09633  0.78899
1434400793.401 -1.00732 -0.00317  0.02319  0.91101  0.09633  0.78991
1434400793.421 -1.00122 -0.00049  0.02075  0.91101  0.09541  0.78807
1434400793.441 -1.00415  0.00098  0.02197  0.91193  0.09908  0.79083
1434400793.462 -1.00952  0.00073  0.02490  0.91284  0.09541  0.79083
1434400793.482 -1.00854 -0.00586  0.02539  0.91101  0.09725  0.78991
1434400793.502 -1.00903 -0.00049  0.01953  0.91468  0.09725  0.79266
1434400793.522 -1.00977 -0.00391  0.02246  0.91284  0.09725  0.78991
1434400793.541 -1.00415 -0.00098  0.02197  0.91284  0.09725  0.78991
1434400793.561 -1.01123  0.00049  0.02368  0.91376  0.12110  0.78899
1434400793.581 -1.00952 -0.00293  0.02563  0.91101  0.09541  0.79174
1434400793.601 -1.00513  0.00073  0.02295  0.91101  0.09633  0.79174
1434400793.621 -1.00903 -0.00195  0.02222  0.91193  0.09633  0.79266
1434400793.641 -1.00977 -0.00195  0.02393  0.91376  0.09817  0.79083
1434400793.661 -1.00854  0.00098  0.02075  0.90917  0.09633  0.79358
1434400793.682 -0.99707 -0.00024  0.02100  0.91193  0.09817  0.78807
1434400793.702 -1.00415 -0.00220  0.02319  0.91284  0.09817  0.78991
1434400793.722 -1.00537  0.00049  0.02148  0.91101  0.09358  0.79266
1434400793.741 -1.00952 -0.00317  0.02466  0.91284  0.09633  0.78991
1434400793.761 -1.00879 -0.00024  0.02319  0.91284  0.09633  0.79174
1434400793.781 -1.00830 -0.00293  0.02344  0.91284  0.09541  0.79266
1434400793.801 -1.01001  0.00122  0.02124  0.91468  0.09633  0.79174
1434400793.821 -1.00830 -0.00024  0.02319  0.91009  0.09541  0.79266
1434400793.841 -1.00879 -0.00000  0.02124  0.91193  0.09633  0.79083
1434400793.861 -1.00781  0.00122  0.02100  0.91284  0.09725  0.79083
1434400793.881 -1.00537  0.00146  0.02295  0.91193  0.09633  0.78991
1434400793.902 -0.99902 -0.00293  0.02002  0.91376  0.09633  0.78991
1434400793.922 -1.00928 -0.00146  0.02197  0.91376  0.10826  0.78991
1434400793.941 -1.00708 -0.00586  0.02417  0.91101  0.09633  0.79266
1434400793.962 -1.00757 -0.00195  0.02271  0.91101  0.09817  0.79174
1434400793.982 -1.00586 -0.00537  0.02002  0.91193  0.09633  0.79083
1434400794.001 -1.00684 -0.00220  0.02197  0.91101  0.09725  0.78991
1434400794.021 -1.00781 -0.00098  0.02295  0.90826  0.09725  0.79174
1434400794.041 -1.00244 -0.00220  0.02417  0.91284  0.09725  0.79174
1434400794.061 -1.00928 -0.00146  0.02148  0.91560  0.09541  0.78899
1434400794.081 -1.01318 -0.00122  0.02124  0.91284  0.09725  0.79083
1434400794.101 -1.00977  0.00342  0.02100  0.91193  0.09725  0.79083
1434400794.121 -1.00879 -0.00098  0.02637  0.91284  0.09725  0.78991
1434400794.141 -1.00293 -0.00537  0.02002  0.91468  0.09633  0.78807
1434400794.162 -1.00317 -0.00342  0.02002  0.91193  0.09633  0.79083
1434400794.182 -1.00952  0.00049  0.02368  0.91376  0.09450  0.79083
1434400794.201 -1.00610 -0.00049  0.02051  0.90917  0.09633  0.78624
1434400794.222 -1.01123 -0.00269  0.02222  0.91193  0.10092  0.79174
1434400794.241 -1.00415 -0.00342  0.02002  0.91009  0.09725  0.79083
1434400794.261 -1.00488 -0.00122  0.02588  0.91193  0.09174  0.79083
1434400794.281 -1.01050 -0.00317  0.02075  0.91376  0.09817  0.78991
1434400794.301 -1.01050 -0.00220  0.02319  0.91193  0.09358  0.79266
1434400794.321 -1.00757  0.00073  0.02466  0.91468  0.09633  0.78991
1434400794.341 -1.00439 -0.00195  0.01953  0.91284  0.09633  0.79083
1434400794.361 -1.00098 -0.00049  0.02002  0.91376  0.09541  0.79083
1434400794.381 -1.00806 -0.00000  0.02417  0.91468  0.09633  0.78899
1434400794.402 -1.00952 -0.00049  0.02417  0.91376  0.09817  0.79083
1434400794.421 -1.00879 -0.00195  0.02588  0.91560  0.09633  0.79174
1434400794.441 -1.00562 -0.00171  0.02148  0.91101  0.09817  0.79174
1434400794.462 -1.00879 -0.00513  0.01904  0.91376  0.09725  0.78807
1434400794.481 -1.00757  0.00195  0.02051  0.91193  0.09633  0.78991
1434400794.501 -1.00879  0.00049  0.02173  0.91284  0.09633  0.79083
1434400794.521 -1.00537 -0.00098  0.02197  0.90917  0.09633  0.79083
1434400794.541 -1.00586 -0.00366  0.01929  0.91193  0.09450  0.78991
1434400794.561 -1.00513 -0.00122  0.02002  0.91284  0.09541  0.79266
1434400794.581 -1.00684 -0.00415  0.02124  0.91284  0.09725  0.79266
1434400794.601 -1.00708 -0.00098  0.02002  0.91284  0.09450  0.79358
1434400794.621 -1.00806  0.00073  0.02100  0.91284  0.09633  0.79266
1434400794.641 -1.00000 -0.00073  0.02051  0.91193  0.09817  0.78807
1434400794.662 -1.00806 -0.00269  0.02368  0.91193  0.09541  0.79083
1434400794.682 -1.00586 -0.00269  0.02563  0.91101  0.09633  0.79083
1434400794.701 -1.00903  0.00073  0.02246  0.91193  0.09725  0.79174
1434400794.721 -1.00488 -0.00146  0.02271  0.91376  0.09633  0.79358
1434400794.741 -1.01050  0.00049  0.02197  0.91193  0.09633  0.79083
1434400794.761 -1.00488 -0.00195  0.02051  0.91284  0.10000  0.79174
1434400794.781 -1.00391 -0.00269  0.02563  0.91284  0.09633  0.78807
1434400794.801 -1.00903 -0.00439  0.02002  0.91193  0.09450  0.78991
1434400794.821 -1.00928 -0.00220  0.02173  0.91468  0.09633  0.78807
1434400794.841 -1.01025 -0.00049  0.02319  0.91284  0.09633  0.78807
1434400794.861 -1.00488 -0.00220  0.02148  0.91284  0.09725  0.79083
1434400794.881 -0.99854 -0.00317  0.02466  0.91009  0.09725  0.78991
1434400794.902 -1.00562 -0.00049  0.01953  0.91193  0.09450  0.78807
1434400794.922 -1.00659 -0.00244  0.02026  0.91101  0.09817  0.78991
1434400794.941 -1.01025 -0.00586  0.02417  0.91193  0.09541  0.79174
1434400794.962 -1.00684 -0.00244  0.02100  0.91009  0.09541  0.78899
1434400794.981 -1.00781 -0.00317  0.02417  0.91101  0.09450  0.78807
1434400795.001 -1.00830 -0.00098  0.02002  0.91193  0.09817  0.78991
1434400795.021 -1.00977 -0.00098  0.02148  0.91376  0.09450  0.79083
1434400795.041 -1.01147 -0.00171  0.01807  0.91101  0.09908  0.79083
1434400795.061 -1.00830 -0.00195  0.02173  0.91284  0.09908  0.79174
1434400795.081 -1.00928 -0.00244  0.01807  0.91284  0.09725  0.79083
1434400795.101 -1.01123 -0.00098  0.01953  0.91468  0.09541  0.79174
1434400795.121 -1.00562 -0.00415  0.02173  0.91468  0.09725  0.79266
1434400795.142 -1.01050 -0.00024  0.01587  0.91193  0.09725  0.79083
1434400795.162 -1.01001  0.00073  0.02515  0.91101  0.09725  0.78899
1434400795.182 -1.00830 -0.00269  0.02100  0.91560  0.09450  0.78716
1434400795.202 -1.00854 -0.00073  0.02271  0.91284  0.09541  0.78991
1434400795.221 -1.00415 -0.00146  0.02075  0.91009  0.09817  0.79174
1434400795.241 -1.00854  0.00049  0.02368  0.91009  0.09633  0.79266
1434400795.261 -0.99707 -0.00317  0.02466  0.91193  0.09725  0.78991
1434400795.281 -1.00977 -0.00269  0.02051  0.91284  0.09450  0.79174
1434400795.301 -1.00854 -0.00049  0.02075  0.91376  0.09541  0.79174
1434400795.321 -1.00977 -0.00366  0.01904  0.91193  0.10000  0.78899
1434400795.342 -1.01221 -0.00439  0.02002  0.91284  0.09908  0.78991
1434400795.362 -1.00952 -0.00024  0.02246  0.91193  0.09817  0.78899
1434400795.381 -1.00903  0.00195  0.02002  0.91284  0.09725  0.79083
1434400795.401 -1.00586 -0.00269  0.02393  0.91376  0.09725  0.78991
1434400795.421 -1.00684 -0.00220  0.01709  0.91101  0.09541  0.78991
1434400795.441 -1.00415 -0.00122  0.01855  0.91193  0.09725  0.79266
1434400795.461 -1.00830 -0.00732  0.02148  0.91376  0.09541  0.79174
1434400795.481 -1.00903 -0.00610  0.02002  0.91009  0.09725  0.79266
1434400795.501 -1.01001 -0.00171  0.02319  0.91284  0.09633  0.78899
1434400795.521 -1.01050 -0.00122  0.02026  0.91101  0.09633  0.79174
1434400795.541 -1.00757 -0.00439  0.02100  0.91009  0.09725  0.79083
1434400795.562 -1.00781 -0.00195  0.02197  0.91284  0.09541  0.78899
1434400795.582 -1.01074 -0.00220  0.02124  0.91284  0.09817  0.79174
1434400795.602 -1.00562 -0.00073  0.02124  0.91009  0.09541  0.79174
1434400795.622 -1.00537  0.00146  0.01953  0.91284  0.09725  0.78991
1434400795.641 -1.00635 -0.00317  0.02148  0.91284  0.09633  0.78716
1434400795.661 -1.00977 -0.00146  0.01880  0.91284  0.10000  0.78807
1434400795.681 -1.01147  0.00098  0.01807  0.91193  0.09450  0.79083
1434400795.701 -1.00977 -0.00269  0.02222  0.91009  0.09541  0.78991
1434400795.721 -1.00488 -0.00073  0.02148  0.91193  0.09725  0.79083
1434400795.741 -1.00854 -0.00024  0.02100  0.91284  0.09450  0.79083
1434400795.761 -1.00854 -0.00024  0.02246  0.91101  0.09541  0.79174
1434400795.781 -1.00708 -0.00244  0.02563  0.91284  0.09725  0.78991
1434400795.802 -1.00049 -0.00391  0.02197  0.91284  0.09725  0.79083
1434400795.822 -1.01196 -0.00488  0.02002  0.91101  0.09633  0.79174
1434400795.841 -1.01025 -0.00073  0.02271  0.91284  0.09817  0.78899
1434400795.862 -1.00806 -0.00269  0.02686  0.91009  0.09633  0.79174
1434400795.881 -1.00757 -0.00146  0.02222  0.91468  0.09633  0.78899
1434400795.901 -1.00854  0.00122  0.02271  0.91009  0.09817  0.78991
1434400795.921 -1.00415  0.00122  0.02051  0.91101  0.09725  0.78991
1434400795.941 -1.00586 -0.00342  0.02222  0.91284  0.09908  0.79174
1434400795.961 -1.00366 -0.00220  0.01660  0.90917  0.09725  0.78991
1434400795.981 -1.01172 -0.00195  0.02271  0.91101  0.09817  0.78991
1434400796.001 -0.99927 -0.00024  0.02002  0.91009  0.09817  0.79541
1434400796.022 -1.00415 -0.00000  0.02002  0.91101  0.09450  0.79083
1434400796.042 -1.00586 -0.00488  0.02222  0.91284  0.09541  0.79083
1434400796.062 -1.00903 -0.00024  0.01807  0.91009  0.09633  0.79083
1434400796.082 -1.00415 -0.00244  0.01953  0.91284  0.09633  0.79174
1434400796.101 -1.01025  0.00049  0.02124  0.91193  0.09541  0.79174
1434400796.121 -1.00854  0.00171  0.02271  0.91009  0.09817  0.78899
1434400796.141 -1.00781 -0.00171  0.02319  0.91193  0.10000  0.79174
1434400796.161 -1.00977  0.00098  0.01904  0.91284  0.09633  0.78991
1434400796.181 -1.00366  0.00073  0.02173  0.91193  0.09633  0.79174
1434400796.201 -1.00610 -0.00171  0.02319  0.91376  0.09633  0.79083
1434400796.222 -1.00732 -0.00220  0.02295  0.91284  0.10734  0.78991
1434400796.242 -1.00586 -0.00049  0.02295  0.90917  0.09541  0.78807
1434400796.262 -1.00464 -0.00293  0.02173  0.91468  0.09541  0.78899
1434400796.281 -1.00586 -0.00269  0.02368  0.91284  0.09633  0.78899
1434400796.302 -1.00098 -0.00293  0.02148  0.91101  0.09541  0.79266
1434400796.321 -1.00952 -0.00171  0.02271  0.91101  0.09725  0.79450
1434400796.341 -1.00317 -0.00171  0.02295  0.91284  0.09725  0.79083
1434400796.361 -1.00537 -0.00220  0.02344  0.91193  0.09725  0.79266
1434400796.381 -1.00635 -0.00293  0.02271  0.91376  0.09908  0.78991
1434400796.401 -1.00806  0.00195  0.02271  0.91193  0.09633  0.79083
1434400796.421 -1.00928 -0.00122  0.02051  0.91101  0.09633  0.78991
1434400796.442 -1.01074 -0.00024  0.02319  0.91101  0.09541  0.79358
1434400796.462 -1.00488  0.00098  0.02271  0.91193  0.09450  0.79174
1434400796.482 -1.00366 -0.00464  0.02148  0.91009  0.09450  0.79083
1434400796.502 -1.00781 -0.00195  0.02344  0.91193  0.09633  0.79083
1434400796.521 -1.01025 -0.00000  0.02222  0.91560  0.09541  0.79083
1434400796.541 -1.00073  0.00171  0.02466  0.91376  0.09725  0.79174
1434400796.561 -1.00952 -0.00269  0.02417  0.91284  0.09725  0.78807
1434400796.581 -1.00928 -0.00391  0.02148  0.91101  0.09725  0.79083
1434400796.601 -1.00537 -0.00391  0.02222  0.91101  0.09541  0.78991
1434400796.621 -1.01221 -0.00195  0.02319  0.91101  0.09450  0.79450
1434400796.642 -1.00562  0.00269  0.02393  0.91193  0.09725  0.79358
1434400796.662 -1.00171 -0.00342  0.02344  0.91101  0.09908  0.78899
1434400796.682 -1.00293 -0.00439  0.02148  0.91284  0.09725  0.78807
1434400796.702 -1.00684 -0.00220  0.02148  0.91101  0.09817  0.78899
1434400796.721 -1.01025 -0.00024  0.02173  0.91284  0.09725  0.79174
1434400796.741 -1.00854 -0.00220  0.02173  0.91468  0.09633  0.79083
1434400796.761 -1.01245 -0.00439  0.01855  0.91009  0.09633  0.79174
1434400796.781 -1.00952 -0.00635  0.02100  0.91101  0.09725  0.78899
1434400796.801 -1.01001 -0.00317  0.02368  0.91101  0.09450  0.78991
1434400796.821 -1.01123 -0.00635  0.02222  0.91101  0.09633  0.79083
1434400796.841 -1.00562 -0.00244  0.01929  0.91193  0.09450  0.79174
1434400796.861 -1.01025 -0.00317  0.01953  0.91284  0.09450  0.78899
1434400796.882 -1.00854  0.00146  0.01807  0.91468  0.09541  0.78899
1434400796.902 -1.00537 -0.00171  0.01904  0.91101  0.09817  0.78807
1434400796.922 -1.00781 -0.00098  0.01807  0.91101  0.09541  0.78807
1434400796.942 -1.00928 -0.00049  0.02466  0.91376  0.09450  0.78991
1434400796.961 -1.00488 -0.00122  0.02197  0.90917  0.09450  0.79083
1434400796.981 -1.00659 -0.00122  0.02368  0.91193  0.09908  0.78991
1434400797.001 -1.01025 -0.00171  0.02075  0.91101  0.09725  0.79083
1434400797.021 -1.00562 -0.00098  0.01855  0.91193  0.09633  0.78899
1434400797.041 -1.00879 -0.00513  0.02173  0.91284  0.09541  0.78899
1434400797.061 -1.00513 -0.00049  0.01953  0.91193  0.09725  0.79083
1434400797.081 -1.00806  0.00073  0.02075  0.91284  0.09358  0.78991
1434400797.102 -1.00000 -0.00049  0.01855  0.91101  0.09633  0.79083
1434400797.122 -1.00122  0.00122  0.02466  0.91193  0.09633  0.79174
1434400797.141 -1.01050 -0.00269  0.02051  0.91101  0.09817  0.79358
1434400797.162 -1.00415 -0.00317  0.02417  0.91284  0.09725  0.79174
1434400797.181 -1.00171 -0.00171  0.02173  0.91101  0.09725  0.78991
1434400797.201 -1.00488 -0.00293  0.02051  0.91284  0.09541  0.78991
1434400797.221 -1.00854 -0.00122  0.02100  0.91376  0.09633  0.78991
1434400797.241 -1.01050  0.00098  0.01904  0.91284  0.10000  0.79266
1434400797.261 -1.00439 -0.00464  0.02271  0.91009  0.10275  0.79083
1434400797.281 -1.00244 -0.00195  0.02148  0.91193  0.09817  0.79083
1434400797.301 -1.00903 -0.00220  0.01904  0.91009  0.09817  0.78991
1434400797.321 -1.00854 -0.00146  0.02002  0.91468  0.09541  0.78991
1434400797.342 -1.01025  0.00049  0.02344  0.91468  0.09358  0.79174
1434400797.362 -1.01025 -0.00269  0.02271  0.91009  0.09817  0.79541
1434400797.381 -1.00854  0.00024  0.02197  0.91101  0.09817  0.78899
1434400797.401 -1.00659 -0.00024  0.02148  0.91009  0.09450  0.79174
1434400797.421 -1.00513 -0.00342  0.01953  0.91193  0.09541  0.79083
1434400797.441 -1.00562 -0.00586  0.01807  0.91101  0.09633  0.79174
1434400797.461 -1.00732 -0.00195  0.02100  0.91376  0.09725  0.79083
1434400797.481 -1.00122 -0.00293  0.02002  0.91376  0.09817  0.79266
1434400797.501 -1.00928 -0.00098  0.02319  0.91101  0.09817  0.79083
1434400797.521 -1.01099 -0.00244  0.01758  0.91284  0.09358  0.79174
1434400797.541 -1.00903 -0.00244  0.02075  0.91284  0.09817  0.79174
1434400797.561 -1.00854  0.00073  0.02246  0.91009  0.09817  0.78716
1434400797.582 -1.00244 -0.00269  0.02197  0.91376  0.09633  0.78991
1434400797.602 -1.00903  0.00024  0.02100  0.91009  0.09450  0.78991
