1434400554.182  0.00024 -1.00000  0.00903 -0.06514  0.44495  0.34495
1434400554.202  0.00952 -0.99902  0.00977 -0.06514  0.44495  0.34312
1434400554.222  0.01221 -1.01221  0.00928 -0.06606  0.44679  0.34404
1434400554.242  0.00171 -0.98950  0.01147 -0.06697  0.44679  0.34220
1434400554.262 -0.00171 -0.99658  0.01147 -0.06606  0.44771  0.34128
1434400554.282  0.00293 -0.99072  0.00757 -0.06422  0.44495  0.34312
1434400554.302  0.00342 -0.99414  0.01001 -0.06422  0.44495  0.34312
1434400554.322  0.01147 -0.98364  0.01440 -0.06422  0.44771  0.34404
1434400554.342  0.00391 -0.99194  0.01050 -0.06697  0.44495  0.34128
1434400554.362  0.00342 -0.98975  0.00952 -0.06606  0.44495  0.34312
1434400554.382  0.00586 -0.99414  0.01172 -0.06514  0.44404  0.34128
1434400554.402  0.00537 -0.98779  0.00952 -0.06514  0.44495  0.34312
1434400554.422  0.00439 -0.99561  0.01099 -0.06789  0.44587  0.34128
1434400554.442  0.00439 -0.99023  0.01123 -0.06514  0.44312  0.34220
1434400554.462  0.00488 -0.98779  0.01099 -0.06789  0.44679  0.34128
1434400554.482  0.00439 -0.98877  0.01147 -0.06606  0.44587  0.34220
1434400554.502  0.00586 -0.99121  0.01123 -0.06514  0.44220  0.34220
1434400554.522  0.00439 -0.98926  0.01147 -0.06881  0.44312  0.34037
1434400554.542  0.00586 -0.99170  0.00879 -0.06514  0.44495  0.34495
1434400554.562  0.00586 -0.98926  0.01147 -0.06697  0.44495  0.34495
1434400554.582  0.00391 -0.98730  0.01318 -0.06606  0.44404  0.34128
1434400554.602  0.00684 -0.98877  0.01147 -0.06789  0.44587  0.34404
1434400554.622  0.00586 -0.98511  0.01147 -0.06330  0.44587  0.34220
1434400554.642  0.00439 -0.98560  0.01001 -0.06514  0.44587  0.34404
1434400554.662  0.00488 -0.98462  0.01465 -0.06514  0.44587  0.34404
1434400554.682  0.00439 -0.98779  0.01001 -0.06606  0.44862  0.34771
1434400554.702  0.00732 -0.98926  0.01270 -0.06514  0.44679  0.34312
1434400554.722  0.00171 -0.98438  0.01001 -0.06789  0.44404  0.34128
1434400554.742  0.00244 -0.99194  0.00732 -0.06514  0.44312  0.34312
1434400554.762  0.00732 -0.99072  0.01294 -0.06606  0.44679  0.34220
1434400554.782  0.00586 -0.99365  0.01270 -0.06514  0.44495  0.34495
1434400554.802  0.00610 -0.98755  0.01025 -0.06697  0.44679  0.34495
1434400554.822  0.00439 -0.98877  0.00781 -0.06422  0.44312  0.34404
1434400554.842  0.00244 -0.98828  0.01685 -0.06514  0.44679  0.33945
1434400554.862  0.00732 -0.98828  0.01147 -0.06789  0.44495  0.34404
1434400554.882  0.00684 -0.98682  0.01025 -0.07064  0.44312  0.34404
1434400554.902  0.00415 -0.98975  0.01538 -0.06514  0.44495  0.34404
1434400554.922  0.00537 -0.98926  0.01147 -0.06606  0.44495  0.34312
1434400554.942  0.00342 -0.99438  0.00928 -0.06422  0.44404  0.34312
1434400554.962  0.00439 -0.98975  0.00830 -0.06606  0.44679  0.34220
1434400554.982  0.00513 -0.98682  0.01318 -0.06422  0.44679  0.34128
1434400555.002  0.00293 -0.98633  0.01245 -0.06330  0.44312  0.34495
1434400555.022  0.00171 -0.98730  0.01270 -0.06422  0.44404  0.34128
1434400555.042  0.00586 -0.99146  0.01196 -0.06422  0.44587  0.34312
1434400555.062  0.00977 -0.99146  0.01025 -0.06330  0.44679  0.34220
1434400555.082  0.00317 -0.98682  0.01123 -0.06606  0.44587  0.34220
1434400555.102  0.00269 -0.99316  0.01611 -0.06697  0.44587  0.34495
1434400555.122  0.00391 -0.98853  0.00781 -0.06606  0.44587  0.34220
1434400555.142  0.00439 -0.98926  0.00830 -0.06606  0.44312  0.34312
1434400555.162  0.00586 -0.99292  0.01489 -0.06697  0.44679  0.34312
1434400555.182  0.00171 -0.99146  0.00806 -0.06697  0.44220  0.34312
1434400555.202  0.00317 -0.98926  0.00830 -0.06422  0.44679  0.34404
1434400555.222  0.01025 -0.99023  0.01416 -0.06422  0.44312  0.34220
1434400555.242  0.00244 -0.99365  0.00684 -0.06789  0.44495  0.34312
1434400555.262  0.00732 -0.99072  0.01221 -0.06881  0.44587  0.34128
1434400555.282  0.00415 -0.99121  0.01123 -0.06606  0.44771  0.34495
1434400555.302  0.00464 -0.98584  0.01318 -0.06789  0.44679  0.34128
1434400555.322  0.00317 -0.99023  0.00854 -0.06606  0.44495  0.34220
1434400555.342  0.00366 -0.99463  0.01074 -0.06606  0.44587  0.34128
1434400555.362  0.00439 -0.98779  0.01147 -0.06514  0.44404  0.34220
1434400555.382  0.00342 -0.98779  0.00977 -0.06606  0.44312  0.34495
1434400555.402  0.00464 -0.98828  0.01270 -0.06697  0.44587  0.34404
1434400555.422  0.00220 -0.99097  0.01025 -0.06697  0.44404  0.34404
1434400555.442  0.00464 -0.99341  0.01392 -0.06789  0.44495  0.34220
1434400555.462  0.00342 -0.98633  0.01245 -0.06514  0.44404  0.34587
1434400555.482  0.00537 -0.98584  0.01587 -0.06422  0.44495  0.34312
1434400555.502  0.00342 -0.98926  0.01294 -0.06422  0.44587  0.34312
1434400555.522  0.00439 -0.98975  0.01196 -0.06697  0.44862  0.34312
1434400555.542  0.00537 -0.99536  0.01074 -0.06422  0.44312  0.34128
1434400555.562  0.00317 -0.99170  0.01196 -0.06606  0.44679  0.34312
1434400555.582  0.00269 -0.98975  0.01318 -0.06239  0.44495  0.34128
1434400555.602  0.00732 -0.98730  0.01245 -0.06697  0.44587  0.34312
1434400555.622  0.00244 -0.98682  0.01196 -0.06422  0.44587  0.34404
1434400555.642  0.00171 -0.98828  0.01196 -0.06514  0.44587  0.34037
1434400555.662  0.00684 -0.98779  0.01196 -0.06422  0.44404  0.34495
1434400555.682  0.00220 -0.99243  0.01392 -0.06606  0.44679  0.34128
1434400555.702  0.00269 -0.99097  0.01221 -0.06697  0.44862  0.34495
1434400555.722  0.00562 -0.98779  0.00537 -0.06514  0.44587  0.34220
1434400555.742  0.00562 -0.99561  0.01465 -0.06972  0.44495  0.34587
1434400555.762  0.00317 -0.98828  0.01270 -0.06789  0.44587  0.34495
1434400555.782  0.00391 -0.98926  0.00977 -0.06422  0.44587  0.34312
1434400555.802  0.00439 -0.98926  0.01538 -0.06789  0.44404  0.34312
1434400555.822  0.00342 -0.98535  0.01025 -0.06606  0.44495  0.34220
1434400555.842  0.00439 -0.99072  0.00977 -0.06697  0.44312  0.34771
1434400555.862  0.00732 -0.99268  0.01245 -0.06606  0.44587  0.34495
1434400555.882  0.00488 -0.99341  0.01099 -0.06697  0.44862  0.34404
1434400555.902  0.00781 -0.98535  0.00952 -0.06697  0.44404  0.34312
1434400555.922  0.00439 -0.98486  0.01099 -0.06422  0.44587  0.34312
1434400555.942  0.00488 -0.99146  0.01343 -0.06606  0.44404  0.34128
1434400555.962  0.00317 -0.98975  0.01099 -0.06422  0.44679  0.34312
1434400555.982  0.00488 -0.98975  0.01147 -0.06514  0.44771  0.34404
1434400556.002  0.00220 -0.98975  0.01172 -0.06606  0.44587  0.34404
1434400556.022  0.00391 -0.98486  0.01196 -0.06697  0.44771  0.34404
1434400556.042  0.00171 -0.98804  0.01050 -0.06606  0.44404  0.34220
1434400556.062  0.00610 -0.98975  0.01172 -0.06514  0.44404  0.34312
1434400556.082  0.00391 -0.98926  0.01123 -0.06606  0.44312  0.34495
1434400556.102  0.00635 -0.99072  0.01147 -0.06606  0.44495  0.34495
1434400556.122  0.00439 -0.99390  0.00977 -0.06514  0.44495  0.34404
1434400556.142  0.00439 -0.98975  0.00977 -0.06514  0.44404  0.34312
1434400556.162  0.00537 -0.99023  0.01025 -0.06697  0.44404  0.34495
1434400556.182  0.00293 -0.98926  0.01318 -0.06422  0.44495  0.34220
1434400556.202  0.00537 -0.99146  0.00854 -0.06422  0.44404  0.34312
1434400556.222  0.00293 -0.98877  0.00879 -0.06606  0.44495  0.34037
1434400556.242  0.00415 -0.98730  0.01416 -0.06789  0.44312  0.34404
1434400556.262  0.00635 -0.98779  0.01099 -0.06606  0.44404  0.34037
1434400556.282  0.00586 -0.99023  0.01318 -0.06697  0.44495  0.34495
1434400556.302  0.00635 -0.98779  0.01440 -0.06514  0.44495  0.34220
1434400556.322  0.00342 -0.98633  0.00830 -0.06606  0.44587  0.34495
1434400556.342  0.00537 -0.98926  0.01074 -0.06514  0.44679  0.34128
1434400556.362  0.00098 -0.99146  0.01123 -0.06606  0.44404  0.34312
1434400556.382  0.00537 -0.98804  0.01001 -0.06697  0.44495  0.34495
1434400556.402  0.00781 -0.98779  0.01001 -0.06697  0.44587  0.34404
1434400556.422  0.00244 -0.98877  0.01050 -0.06606  0.44587  0.34220
1434400556.442  0.00317 -0.98267  0.01147 -0.06606  0.44587  0.34587
1434400556.462  0.00122 -0.98633  0.01050 -0.06881  0.44495  0.34495
1434400556.482  0.00220 -0.98779  0.01514 -0.06606  0.44495  0.34495
1434400556.502  0.00342 -0.98438  0.01270 -0.06697  0.44220  0.34404
1434400556.522  0.00586 -0.98926  0.01294 -0.06606  0.44404  0.34404
1434400556.542  0.00537 -0.98926  0.01196 -0.06514  0.44495  0.34220
1434400556.562  0.00317 -0.98975  0.01050 -0.06422  0.44128  0.34404
1434400556.582  0.00488 -0.98926  0.00977 -0.06514  0.44587  0.34128
1434400556.602  0.00098 -0.98975  0.01050 -0.06514  0.44679  0.34312
1434400556.622  0.00537 -0.98462  0.00928 -0.06514  0.44587  0.34587
1434400556.642  0.00269 -0.99023  0.01099 -0.06514  0.44495  0.34404
1434400556.662  0.00366 -0.98779  0.01245 -0.06422  0.44679  0.34220
1434400556.682  0.00098 -0.98828  0.01172 -0.06697  0.44495  0.34312
1434400556.702  0.00342 -0.98486  0.00928 -0.06789  0.44312  0.34495
1434400556.722  0.00684 -0.98730  0.01587 -0.06606  0.44495  0.34220
1434400556.742  0.00732 -0.98682  0.00830 -0.06422  0.44495  0.33578
1434400556.762  0.00195 -0.98730  0.01465 -0.06514  0.44312  0.34037
1434400556.782  0.00488 -0.98730  0.01440 -0.06789  0.44495  0.34495
1434400556.802  0.00171 -0.98682  0.01025 -0.06422  0.44771  0.34404
1434400556.822  0.00391 -0.99146  0.01416 -0.06606  0.44587  0.34312
1434400556.842  0.00244 -0.99023  0.01245 -0.06330  0.44587  0.34312
1434400556.862  0.00635 -0.99048  0.01025 -0.06606  0.44771  0.34404
1434400556.882  0.00684 -0.98804  0.00903 -0.06330  0.44679  0.34495
1434400556.902  0.00439 -0.98730  0.01025 -0.06606  0.44404  0.34312
1434400556.922  0.00635 -0.98828  0.01245 -0.06422  0.44404  0.34128
1434400556.942  0.00635 -0.99048  0.01001 -0.06514  0.44404  0.34037
1434400556.962  0.00439 -0.98975  0.00830 -0.06606  0.44404  0.33945
1434400556.982  0.00415 -0.98608  0.01147 -0.06606  0.45046  0.34312
1434400557.002  0.00269 -0.98486  0.01147 -0.06330  0.44679  0.34495
1434400557.022  0.00269 -0.99072  0.01147 -0.06606  0.44404  0.34404
1434400557.042  0.00439 -0.98511  0.00977 -0.06514  0.44679  0.34312
1434400557.062  0.00220 -0.98999  0.01074 -0.06789  0.44587  0.34312
1434400557.082  0.00146 -0.99341  0.01367 -0.06606  0.44771  0.34312
1434400557.102  0.00732 -0.99731  0.01562 -0.06697  0.44587  0.34128
1434400557.122  0.00073 -0.98779  0.00537 -0.06330  0.44495  0.34220
1434400557.142  0.00732 -0.99170  0.01270 -0.06789  0.44220  0.34404
1434400557.162  0.00464 -0.99121  0.00977 -0.06422  0.44679  0.34312
1434400557.182  0.00684 -0.98779  0.00879 -0.06514  0.44679  0.34312
1434400557.202  0.00537 -0.98779  0.01196 -0.06606  0.44404  0.34128
1434400557.222  0.00391 -0.98877  0.01343 -0.06422  0.44037  0.34495
1434400557.242  0.00342 -0.98975  0.00879 -0.06789  0.44771  0.34404
1434400557.262  0.00342 -0.98779  0.01099 -0.06697  0.44495  0.34220
1434400557.282  0.00635 -0.99072  0.01294 -0.06514  0.44404  0.34404
1434400557.302  0.00439 -0.98999  0.00781 -0.06422  0.44495  0.34312
1434400557.322  0.00537 -0.98779  0.01489 -0.06789  0.43761  0.34312
1434400557.342  0.00122 -0.98730  0.01123 -0.06697  0.44495  0.34128
1434400557.362  0.00684 -0.99121  0.01074 -0.06514  0.44679  0.34495
1434400557.382  0.00317 -0.98926  0.01123 -0.06789  0.44495  0.34404
1434400557.402  0.00732 -0.98730  0.01392 -0.06606  0.44587  0.34220
1434400557.422  0.00293 -0.98633  0.01001 -0.06514  0.44312  0.34404
1434400557.442  0.00269 -0.98706  0.01050 -0.06789  0.44312  0.34220
1434400557.462  0.00830 -0.99292  0.01392 -0.06422  0.44771  0.34312
1434400557.482  0.00488 -0.98950  0.01196 -0.06606  0.44587  0.34220
1434400557.502  0.00317 -0.99097  0.01221 -0.06606  0.44679  0.34128
1434400557.522  0.00586 -0.98535  0.01196 -0.06697  0.44312  0.34220
1434400557.542  0.00171 -0.98926  0.01050 -0.06697  0.44495  0.34220
1434400557.562  0.00488 -0.98730  0.01245 -0.06606  0.44679  0.34495
1434400557.582  0.00732 -0.99048  0.01099 -0.06697  0.44679  0.34220
1434400557.602  0.00391 -0.99463  0.01050 -0.06697  0.44679  0.34404
1434400557.622  0.00586 -0.99072  0.00952 -0.06697  0.44587  0.34220
1434400557.642  0.00391 -0.98730  0.01416 -0.06606  0.44587  0.34037
1434400557.662  0.00586 -0.98926  0.01147 -0.06514  0.44587  0.34220
1434400557.682  0.00439 -0.98584  0.00928 -0.06606  0.44495  0.34220
1434400557.702  0.00781 -0.99146  0.01099 -0.06422  0.44495  0.34312
1434400557.722  0.00366 -0.99072  0.01074 -0.06514  0.44220  0.34312
1434400557.742  0.00586 -0.98926  0.01050 -0.06697  0.44679  0.34220
1434400557.762  0.00586 -0.99341  0.01123 -0.06697  0.44587  0.34312
1434400557.782  0.00586 -0.98779  0.01050 -0.06606  0.44404  0.34128
1434400557.802  0.00317 -0.98926  0.01050 -0.06606  0.44404  0.34220
1434400557.822  0.00537 -0.98657  0.01172 -0.06606  0.44587  0.34312
1434400557.842  0.00635 -0.99414  0.01245 -0.06697  0.44495  0.34312
1434400557.862  0.00439 -0.98779  0.01172 -0.06697  0.44587  0.34220
1434400557.882  0.00439 -0.98828  0.01123 -0.06514  0.44495  0.34312
1434400557.902  0.00244 -0.98877  0.00854 -0.06697  0.44679  0.34495
1434400557.922  0.00879 -0.98682  0.01514 -0.06514  0.45413  0.34312
1434400557.942  0.00439 -0.99292  0.01440 -0.06697  0.44679  0.34404
1434400557.962  0.00781 -0.99121  0.00952 -0.06606  0.44312  0.34220
1434400557.982  0.00464 -0.99194  0.01416 -0.06422  0.44771  0.34404
1434400558.002  0.00513 -0.98999  0.01587 -0.06697  0.44679  0.34495
1434400558.022  0.00269 -0.99487  0.00781 -0.06697  0.44404  0.34128
1434400558.042  0.00610 -0.98804  0.01099 -0.06330  0.44679  0.34312
1434400558.062  0.00244 -0.99194  0.01294 -0.06697  0.44587  0.34312
1434400558.082  0.00366 -0.98633  0.00928 -0.06697  0.44495  0.34220
1434400558.102  0.00317 -0.99463  0.01245 -0.06514  0.44679  0.34037
1434400558.122  0.00342 -0.99023  0.01587 -0.06697  0.44495  0.34128
1434400558.142  0.00293 -0.98486  0.00977 -0.06606  0.44679  0.34312
1434400558.162  0.00586 -0.99072  0.01147 -0.06606  0.44404  0.34312
1434400558.182  0.00391 -0.99219  0.01147 -0.06972  0.44404  0.34220
1434400558.202  0.00195 -0.99316  0.01001 -0.06972  0.44679  0.34220
1434400558.222  0.00684 -0.99097  0.00928 -0.06422  0.44495  0.34312
1434400558.242  0.00317 -0.99365  0.00952 -0.06697  0.44771  0.34312
1434400558.262  0.00122 -0.98828  0.01318 -0.06697  0.44587  0.34495
1434400558.282  0.00342 -0.98364  0.01050 -0.06606  0.44404  0.34312
1434400558.302  0.00708 -0.99268  0.01123 -0.06422  0.44771  0.34312
1434400558.322  0.00586 -0.98682  0.01367 -0.06514  0.44495  0.34312
1434400558.342  0.00317 -0.98535  0.01147 -0.06606  0.44495  0.34220
1434400558.362  0.00391 -0.98682  0.01123 -0.06606  0.44679  0.34495
1434400558.382  0.00586 -0.99365  0.01001 -0.06881  0.44862  0.34312
1434400558.402  0.00391 -0.98975  0.01196 -0.06606  0.44679  0.34037
1434400558.422  0.00439 -0.99463  0.01099 -0.06697  0.44587  0.34404
1434400558.442  0.00391 -0.99121  0.01318 -0.06606  0.44679  0.34037
1434400558.462  0.00684 -0.98828  0.01001 -0.06514  0.44587  0.34128
1434400558.482  0.00488 -0.98657  0.01123 -0.06789  0.44587  0.34495
1434400558.502  0.00513 -0.99023  0.00928 -0.06514  0.44679  0.34495
1434400558.522  0.00488 -0.99170  0.01050 -0.06789  0.44495  0.34404
1434400558.542  0.00684 -0.99194  0.01147 -0.06697  0.44587  0.34220
1434400558.562  0.00317 -0.98340  0.01221 -0.06606  0.44679  0.34495
1434400558.582  0.00537 -0.99292  0.01147 -0.06514  0.44404  0.34587
1434400558.602  0.00171 -0.98535  0.01147 -0.06606  0.44679  0.34312
1434400558.622  0.00293 -0.99146  0.01318 -0.06606  0.44679  0.34220
1434400558.642  0.00439 -0.98413  0.01123 -0.06606  0.44495  0.34220
1434400558.662  0.00586 -0.98535  0.01147 -0.06697  0.44495  0.34128
1434400558.682  0.00635 -0.98926  0.01099 -0.06330  0.44495  0.34404
1434400558.702  0.00439 -0.98779  0.01172 -0.06606  0.45872  0.34128
1434400558.722  0.00317 -0.98730  0.01099 -0.06789  0.44679  0.34128
1434400558.742  0.00293 -0.98560  0.01123 -0.06697  0.44587  0.34128
1434400558.762  0.00830 -0.99121  0.01221 -0.06697  0.44862  0.34312
1434400558.782  0.00488 -0.99390  0.01221 -0.06514  0.45046  0.34220
1434400558.802  0.00830 -0.98926  0.01221 -0.06606  0.44404  0.34312
1434400558.822  0.00537 -0.98730  0.01099 -0.06697  0.44587  0.34495
1434400558.842  0.00220 -0.98779  0.01489 -0.06789  0.44771  0.34495
1434400558.862  0.00586 -0.98657  0.01270 -0.06697  0.44495  0.34404
1434400558.882  0.00415 -0.99194  0.01245 -0.06697  0.44587  0.34220
1434400558.902  0.00439 -0.98828  0.00928 -0.06514  0.44404  0.34404
1434400558.922  0.00684 -0.98926  0.01318 -0.06881  0.44587  0.34312
1434400558.942  0.00488 -0.98975  0.00830 -0.06789  0.44128  0.34495
1434400558.962  0.00439 -0.99023  0.01270 -0.06422  0.44495  0.34312
1434400558.982  0.00537 -0.98975  0.01001 -0.06697  0.44495  0.34220
1434400559.002  0.00439 -0.98999  0.01147 -0.06789  0.44862  0.34495
1434400559.022  0.00195 -0.99243  0.01025 -0.06514  0.44404  0.34220
1434400559.042  0.00317 -0.98706  0.01245 -0.06606  0.44771  0.34128
1434400559.062  0.00537 -0.99121  0.01099 -0.06697  0.44312  0.34312
1434400559.082  0.00415 -0.98633  0.01123 -0.06606  0.44495  0.34404
1434400559.102  0.00244 -0.99146  0.01294 -0.06972  0.44587  0.34312
1434400559.122  0.00171 -0.99097  0.01074 -0.06789  0.44587  0.34128
1434400559.142  0.00732 -0.99072  0.01318 -0.06606  0.44587  0.34220
1434400559.162  0.00024 -0.98633  0.00830 -0.06789  0.44679  0.34128
1434400559.182  0.00635 -0.98608  0.01245 -0.06514  0.44495  0.34404
1434400559.202  0.00366 -0.98682  0.01074 -0.06606  0.44679  0.34404
1434400559.222  0.00342 -0.99170  0.01050 -0.06514  0.44495  0.34220
1434400559.242  0.00684 -0.99219  0.01123 -0.06514  0.44312  0.34220
1434400559.262  0.00684 -0.99292  0.00952 -0.06514  0.44587  0.34220
1434400559.282  0.00171 -0.99365  0.01001 -0.06789  0.44312  0.34404
1434400559.302  0.00366 -0.98975  0.01123 -0.06606  0.44495  0.34128
1434400559.322  0.00415 -0.98755  0.01099 -0.06789  0.44128  0.34312
1434400559.342  0.00439 -0.99292  0.01245 -0.06514  0.44495  0.34312
1434400559.362  0.00537 -0.99536  0.01270 -0.06697  0.44587  0.34128
1434400559.382  0.00537 -0.98975  0.01123 -0.06606  0.44312  0.34679
1434400559.402  0.00220 -0.99023  0.01465 -0.06514  0.44495  0.34220
1434400559.422  0.00928 -0.99341  0.01074 -0.06606  0.44495  0.34037
1434400559.442  0.00439 -0.99072  0.01147 -0.06606  0.44587  0.34128
1434400559.462  0.00317 -0.98779  0.00977 -0.06881  0.44404  0.34037
1434400559.482  0.00269 -0.99487  0.01123 -0.06514  0.44404  0.34495
1434400559.502  0.00269 -0.98608  0.01245 -0.06422  0.44587  0.34495
1434400559.522  0.00684 -0.98755  0.01392 -0.06972  0.44679  0.33945
1434400559.542  0.00537 -0.98828  0.01416 -0.06606  0.44679  0.34220
1434400559.562  0.00732 -0.98657  0.01099 -0.06422  0.44587  0.34037
1434400559.582  0.00562 -0.99023  0.00977 -0.06789  0.44587  0.34312
1434400559.602  0.00171 -0.99194  0.01245 -0.06514  0.44679  0.34220
1434400559.622  0.00391 -0.99390  0.01392 -0.06514  0.44679  0.34037
1434400559.642  0.00439 -0.99707  0.01221 -0.06514  0.44312  0.34220
1434400559.662  0.00439 -0.98633  0.01050 -0.06789  0.44587  0.34495
1434400559.682  0.00415 -0.98193  0.01196 -0.06422  0.44771  0.34404
1434400559.702  0.00708 -0.98706  0.01270 -0.06514  0.44495  0.34404
1434400559.722  0.00293 -0.98877  0.00928 -0.06514  0.44954  0.34312
1434400559.742  0.00488 -0.99487  0.01001 -0.06789  0.44312  0.34220
1434400559.762  0.00464 -0.98975  0.01221 -0.06789  0.44495  0.34495
1434400559.782  0.00098 -0.99072  0.01099 -0.06330  0.44404  0.34312
1434400559.802  0.00244 -0.98975  0.00879 -0.06514  0.44771  0.34587
1434400559.822  0.00171 -0.98535  0.01318 -0.06606  0.44771  0.34312
1434400559.842  0.00244 -0.98267  0.01001 -0.06330  0.44495  0.34312
1434400559.862  0.00049 -0.99097  0.01099 -0.06422  0.44587  0.34220
1434400559.882  0.00342 -0.98877  0.01221 -0.06514  0.44679  0.34128
1434400559.902  0.00537 -0.99146  0.01270 -0.06422  0.44587  0.34128
1434400559.922  0.00537 -0.99292  0.00879 -0.06514  0.44495  0.34220
1434400559.942  0.00317 -0.98926  0.01172 -0.06606  0.44587  0.34220
1434400559.962  0.00684 -0.98999  0.01221 -0.06697  0.44587  0.34404
1434400559.982  0.00391 -0.99316  0.01245 -0.06606  0.44587  0.34128
1434400560.002  0.00391 -0.98926  0.01172 -0.06514  0.44220  0.34404
1434400560.022  0.00781 -0.98682  0.01221 -0.06606  0.44587  0.34404
1434400560.042  0.00488 -0.99097  0.00952 -0.06514  0.44679  0.34495
1434400560.062  0.00464 -0.99292  0.01123 -0.06606  0.44404  0.34312
1434400560.082  0.00293 -0.98926  0.01465 -0.06697  0.44954  0.34404
1434400560.102  0.00586 -0.99170  0.01123 -0.06697  0.44495  0.34220
1434400560.122  0.00391 -0.98462  0.01318 -0.06606  0.44587  0.34037
1434400560.142  0.00342 -0.98975  0.01099 -0.06606  0.44495  0.34312
1434400560.162  0.00464 -0.98706  0.00928 -0.06514  0.44495  0.34220
1434400560.182  0.00244 -0.98779  0.01123 -0.06606  0.44495  0.34312
1434400560.202  0.00171 -0.99048  0.00781 -0.06606  0.44587  0.34404
1434400560.222  0.00732 -0.99097  0.01099 -0.06422  0.44495  0.34128
1434400560.242  0.00439 -0.98462  0.00830 -0.06514  0.44587  0.34404
1434400560.262  0.00122 -0.98682  0.01294 -0.06606  0.44404  0.34312
1434400560.282  0.00488 -0.98901  0.01489 -0.06514  0.44312  0.34495
1434400560.302  0.00635 -0.98730  0.01221 -0.06606  0.44587  0.34312
1434400560.322  0.00293 -0.99048  0.00903 -0.06606  0.44495  0.34312
1434400560.342  0.00391 -0.98926  0.01025 -0.06514  0.44404  0.34220
1434400560.362  0.00635 -0.98560  0.01416 -0.06606  0.44587  0.34220
1434400560.382  0.00220 -0.99146  0.00928 -0.06514  0.44587  0.34771
1434400560.402  0.00293 -0.98877  0.01001 -0.06606  0.44771  0.34312
1434400560.422  0.00537 -0.98828  0.01685 -0.06147  0.44404  0.34220
1434400560.442  0.00317 -1.00293  0.01392 -0.06697  0.44679  0.34495
1434400560.462  0.00439 -0.97900  0.00586 -0.06697  0.44771  0.34312
1434400560.482  0.00293 -0.98682  0.01147 -0.06606  0.44404  0.34220
1434400560.502  0.00879 -0.98364  0.01318 -0.06422  0.44404  0.34495
1434400560.522  0.00195 -0.99146  0.00732 -0.06422  0.44495  0.34128
1434400560.542  0.00366 -0.98462  0.00879 -0.06606  0.44495  0.34312
1434400560.562  0.00366 -0.99219  0.01025 -0.06422  0.44679  0.34404
1434400560.582  0.00366 -0.98584  0.01074 -0.06514  0.44587  0.34495
1434400560.602  0.00439 -0.99292  0.00635 -0.06422  0.44587  0.34312
1434400560.622  0.00488 -0.98877  0.01392 -0.06697  0.44587  0.34312
1434400560.642  0.01025 -0.98926  0.02271 -0.06606  0.44587  0.34312
1434400560.662  0.00146 -0.98535  0.00781 -0.06514  0.44495  0.34037
1434400560.682  0.00342 -0.98730  0.00684 -0.06514  0.44954  0.34587
1434400560.702  0.00635 -0.99170  0.01489 -0.06514  0.44679  0.34220
1434400560.722  0.00220 -0.98584  0.01123 -0.06330  0.44587  0.34037
1434400560.742  0.00269 -0.99438  0.00879 -0.06789  0.44404  0.34128
1434400560.762  0.00391 -0.98828  0.01099 -0.06789  0.44495  0.34312
1434400560.782  0.00366 -0.98975  0.01196 -0.06514  0.44679  0.34312
1434400560.802  0.00439 -0.98730  0.01416 -0.06514  0.44495  0.34404
1434400560.822  0.00244 -0.98682  0.01196 -0.06606  0.44495  0.34220
1434400560.842  0.00269 -0.99097  0.00952 -0.06422  0.44404  0.34312
1434400560.862  0.00488 -0.98535  0.01318 -0.06697  0.44312  0.34312
1434400560.882  0.00659 -0.99023  0.01440 -0.06881  0.44404  0.34220
1434400560.902  0.00122 -0.98682  0.01074 -0.06514  0.44495  0.34312
1434400560.922  0.00684 -0.98901  0.00977 -0.06422  0.44587  0.34495
1434400560.942  0.00391 -0.98535  0.01025 -0.06606  0.44679  0.34128
1434400560.962  0.00513 -0.98926  0.01025 -0.06422  0.44495  0.34220
1434400560.982  0.00293 -0.99023  0.00757 -0.06697  0.44220  0.34128
1434400561.002  0.00586 -0.99072  0.00879 -0.06972  0.44404  0.34220
1434400561.022  0.00488 -0.98560  0.01172 -0.06697  0.44495  0.34312
1434400561.042  0.00024 -0.98828  0.00977 -0.06697  0.44495  0.34220
1434400561.062  0.00513 -0.98730  0.01221 -0.06789  0.44679  0.34220
1434400561.082  0.00537 -0.99194  0.01196 -0.06697  0.44587  0.34037
1434400561.102  0.00488 -0.99634  0.01196 -0.06606  0.44404  0.34495
1434400561.122  0.00635 -0.98901  0.01367 -0.06697  0.44679  0.34220
1434400561.142  0.00293 -0.99341  0.01489 -0.06881  0.44404  0.34404
1434400561.162  0.00830 -0.98657  0.00977 -0.06514  0.44495  0.34220
1434400561.182  0.00171 -0.99341  0.01245 -0.06514  0.44587  0.34312
1434400561.202  0.00879 -0.99170  0.01172 -0.06606  0.44771  0.34404
1434400561.222  0.00122 -0.98877  0.01147 -0.06697  0.44771  0.34495
1434400561.242  0.00562 -0.98950  0.01538 -0.06422  0.44679  0.34037
1434400561.262  0.00269 -0.99243  0.00928 -0.06606  0.44220  0.34312
1434400561.282  0.00366 -0.99707  0.01196 -0.06514  0.44495  0.34495
1434400561.302  0.00439 -0.98608  0.01001 -0.06606  0.44495  0.34404
1434400561.322  0.00488 -0.98975  0.00928 -0.06789  0.44495  0.34312
1434400561.342  0.00439 -0.98657  0.01245 -0.06606  0.44587  0.34312
1434400561.362  0.00488 -0.98877  0.01270 -0.06606  0.44587  0.34128
1434400561.382  0.00635 -0.98901  0.01050 -0.06606  0.44404  0.34220
1434400561.402  0.00415 -0.98877  0.01221 -0.06239  0.44495  0.34404
1434400561.422  0.00391 -0.99121  0.01074 -0.06697  0.44404  0.34220
1434400561.442  0.00635 -0.98926  0.01392 -0.06422  0.44587  0.34312
1434400561.462  0.00098 -0.98877  0.01001 -0.06606  0.44587  0.34404
1434400561.482  0.00879 -0.99219  0.01196 -0.06422  0.44771  0.34312
1434400561.502  0.00464 -0.98511  0.01050 -0.06422  0.44404  0.34404
1434400561.522  0.00439 -0.99072  0.00952 -0.06422  0.44679  0.34495
1434400561.542  0.00342 -0.98828  0.01050 -0.06606  0.44587  0.34220
1434400561.562  0.00293 -0.98730  0.01147 -0.06514  0.44495  0.34587
1434400561.582  0.00635 -0.98462  0.01074 -0.06514  0.44495  0.34495
1434400561.602  0.00269 -0.98877  0.01025 -0.06422  0.44495  0.34404
1434400561.622  0.00513 -0.98438  0.01294 -0.06881  0.44587  0.34312
1434400561.642  0.00684 -0.98584  0.01147 -0.06606  0.44495  0.34495
1434400561.662  0.00244 -0.99146  0.00977 -0.06606  0.44587  0.34495
1434400561.682  0.00488 -0.98389  0.01074 -0.06514  0.44679  0.34404
1434400561.702  0.00586 -0.98926  0.00879 -0.06606  0.44587  0.34495
1434400561.722  0.00415 -0.98511  0.01318 -0.06606  0.44495  0.34404
1434400561.742  0.00586 -0.99438  0.01221 -0.06697  0.44679  0.34220
1434400561.762  0.00586 -0.98926  0.00879 -0.06606  0.44771  0.34220
1434400561.782  0.00513 -0.97607  0.00830 -0.06697  0.44771  0.34312
1434400561.802  0.00830 -0.98926  0.01270 -0.06239  0.44312  0.34220
1434400561.822  0.00464 -0.98706  0.01196 -0.06514  0.44495  0.34220
1434400561.842  0.00439 -0.98926  0.01050 -0.06606  0.44495  0.34587
1434400561.862  0.00220 -0.98706  0.00879 -0.06514  0.44404  0.34312
1434400561.882  0.00879 -0.98730  0.00928 -0.06789  0.44220  0.34312
1434400561.902  0.00415 -0.98242  0.01245 -0.06697  0.44404  0.34404
1434400561.922  0.00537 -0.98779  0.01074 -0.06789  0.44587  0.34037
1434400561.942  0.00635 -0.98730  0.01343 -0.06789  0.44404  0.34220
1434400561.962  0.00684 -0.98779  0.01001 -0.06606  0.44495  0.34495
1434400561.982  0.00488 -0.99170  0.01074 -0.06789  0.44312  0.34220
1434400562.002  0.00586 -0.98682  0.01392 -0.06606  0.44404  0.34220
1434400562.022  0.00415 -0.99146  0.01196 -0.06514  0.44495  0.34312
1434400562.042  0.00537 -0.99048  0.01050 -0.06697  0.44495  0.34404
1434400562.062  0.00464 -0.99243  0.01074 -0.06606  0.44220  0.34404
1434400562.082  0.00586 -0.99609  0.01147 -0.06697  0.44404  0.34312
1434400562.102  0.00220 -0.99512  0.01147 -0.06789  0.44495  0.34495
1434400562.122  0.00366 -0.98584  0.01196 -0.06789  0.44404  0.34312
1434400562.142  0.00439 -0.98730  0.00928 -0.06606  0.44679  0.34220
1434400562.162  0.00732 -0.99243  0.00952 -0.06514  0.44312  0.34312
1434400562.182  0.00391 -0.99243  0.01221 -0.06606  0.44587  0.34404
1434400562.202  0.00684 -0.98779  0.00781 -0.06789  0.44679  0.34312
1434400562.222  0.00317 -0.99438  0.01440 -0.06697  0.44312  0.34037
1434400562.242  0.00171 -0.99023  0.00977 -0.06972  0.44220  0.34128
1434400562.262  0.00415 -0.98633  0.01050 -0.06789  0.44495  0.34495
1434400562.282  0.00537 -0.98975  0.01221 -0.06330  0.44587  0.34495
1434400562.302  0.00537 -0.99097  0.01318 -0.06514  0.44679  0.34404
1434400562.322  0.00830 -0.98633  0.01123 -0.06789  0.44587  0.34037
1434400562.342  0.00220 -0.98877  0.01123 -0.06697  0.44404  0.34404
1434400562.362  0.00732 -0.98877  0.01318 -0.06697  0.44495  0.34404
1434400562.382  0.00195 -0.98926  0.01025 -0.06514  0.44495  0.34220
1434400562.402  0.00537 -0.98926  0.01050 -0.06606  0.44312  0.34495
1434400562.422  0.00537 -0.98877  0.00879 -0.06606  0.44771  0.34220
1434400562.442  0.00342 -0.99121  0.01196 -0.06606  0.44495  0.34037
1434400562.462  0.00464 -0.98486  0.00903 -0.06422  0.44404  0.34128
1434400562.482  0.00488 -0.98975  0.01294 -0.06606  0.44587  0.34128
1434400562.502  0.00293 -0.98682  0.01123 -0.06514  0.44771  0.34037
1434400562.522  0.00342 -0.98706  0.01221 -0.06697  0.44495  0.34220
1434400562.542  0.00635 -0.98779  0.01245 -0.06789  0.44220  0.34587
1434400562.562  0.00366 -0.98364  0.00928 -0.06881  0.44679  0.34220
1434400562.582  0.00537 -0.98828  0.01416 -0.06422  0.44587  0.34312
1434400562.602  0.00342 -0.98877  0.01221 -0.06789  0.44862  0.34404
1434400562.622  0.00317 -0.98682  0.00928 -0.06606  0.44495  0.34587
1434400562.642  0.01001 -0.98657  0.00879 -0.06697  0.44587  0.34220
1434400562.662  0.00537 -0.99194  0.01514 -0.06514  0.44312  0.34312
1434400562.682  0.00220 -0.99121  0.01270 -0.06789  0.44495  0.33945
1434400562.702  0.00488 -0.99243  0.01245 -0.06606  0.44220  0.34495
1434400562.722  0.00439 -0.98901  0.00977 -0.06789  0.44495  0.34312
1434400562.742  0.00439 -0.99072  0.01147 -0.06606  0.44495  0.34220
1434400562.762  0.00464 -0.98340  0.01221 -0.06606  0.44404  0.33853
1434400562.782  0.00293 -0.98926  0.01172 -0.06789  0.44495  0.34495
1434400562.802  0.00488 -0.98877  0.01221 -0.06422  0.44220  0.34404
1434400562.822  0.00439 -0.99023  0.01074 -0.06514  0.44495  0.34404
1434400562.842  0.00391 -0.98633  0.01025 -0.06697  0.44495  0.34037
1434400562.862  0.00342 -0.98779  0.00830 -0.06606  0.44312  0.34404
1434400562.882  0.00342 -0.98511  0.01465 -0.06606  0.44495  0.34037
1434400562.902  0.00586 -0.98975  0.01050 -0.06330  0.44587  0.34404
1434400562.922  0.00073 -0.98730  0.01440 -0.06697  0.44312  0.34128
1434400562.942  0.00684 -0.98535  0.01245 -0.06514  0.44220  0.34312
1434400562.962  0.00342 -0.98682  0.01172 -0.06606  0.44404  0.34220
1434400562.982  0.00391 -0.98828  0.00928 -0.06514  0.44495  0.34312
1434400563.002  0.00854 -0.98730  0.01196 -0.06606  0.44495  0.34312
1434400563.022  0.00342 -0.99023  0.01147 -0.06697  0.44495  0.34312
1434400563.042  0.00366 -0.98877  0.01392 -0.06972  0.44312  0.34404
1434400563.062  0.00342 -0.99023  0.01294 -0.06606  0.44587  0.34128
1434400563.082  0.00586 -0.98608  0.01147 -0.06514  0.44587  0.34495
1434400563.102  0.00391 -0.98657  0.00781 -0.06697  0.44312  0.34128
1434400563.122  0.00415 -0.98950  0.01172 -0.06514  0.44679  0.34404
1434400563.142  0.00488 -0.98682  0.01294 -0.06422  0.44587  0.34404
1434400563.162  0.00879 -0.99463  0.01221 -0.06606  0.44495  0.34037
1434400563.182  0.00781 -0.98584  0.01221 -0.06606  0.44312  0.34220
1434400563.202  0.00732 -0.98462  0.01099 -0.07248  0.44312  0.34128
1434400563.222  0.00488 -0.98828  0.01099 -0.06697  0.44679  0.34312
1434400563.242  0.00293 -0.98926  0.01074 -0.06606  0.44862  0.34128
1434400563.262  0.00317 -0.98975  0.01099 -0.06514  0.44679  0.34128
1434400563.282  0.00537 -0.98608  0.00977 -0.06697  0.44587  0.34312
1434400563.302  0.00488 -0.99585  0.01270 -0.06606  0.44404  0.34404
1434400563.322  0.00220 -0.98853  0.01196 -0.06789  0.44495  0.34220
1434400563.342  0.00635 -0.98560  0.01270 -0.06606  0.44587  0.34312
1434400563.362  0.00146 -0.98682  0.01099 -0.06514  0.44404  0.34495
1434400563.382  0.00439 -0.99072  0.01147 -0.06697  0.44495  0.34312
1434400563.402  0.00269 -0.98877  0.01147 -0.06606  0.44404  0.34037
1434400563.422  0.00317 -0.98975  0.00854 -0.06514  0.44312  0.34404
1434400563.442  0.00659 -0.98560  0.00977 -0.06606  0.44495  0.34312
1434400563.462  0.00879 -0.99146  0.00952 -0.06514  0.44220  0.34220
1434400563.482  0.00439 -0.98877  0.01318 -0.06514  0.44679  0.34404
1434400563.502  0.00488 -0.98633  0.01270 -0.06606  0.44495  0.34312
1434400563.522  0.00684 -0.98438  0.01123 -0.06697  0.44312  0.34220
1434400563.542  0.00488 -0.99023  0.00977 -0.06697  0.44220  0.34220
1434400563.562  0.00635 -0.98730  0.01294 -0.06514  0.44312  0.34220
1434400563.582  0.00464 -0.98462  0.01147 -0.06697  0.44495  0.34404
1434400563.602  0.00635 -0.98975  0.01367 -0.06422  0.44312  0.34037
1434400563.622  0.00537 -0.98926  0.01172 -0.06606  0.44220  0.34220
1434400563.642  0.00537 -0.99292  0.01367 -0.06514  0.44587  0.34312
1434400563.662  0.00586 -0.98584  0.01587 -0.06514  0.44495  0.34495
1434400563.682  0.00293 -0.98828  0.01074 -0.06606  0.44495  0.34404
1434400563.702  0.00049 -0.98633  0.01050 -0.06697  0.44771  0.34312
1434400563.722  0.00684 -0.98975  0.01270 -0.06697  0.44404  0.34037
1434400563.742  0.00439 -0.98706  0.01172 -0.06697  0.44404  0.34220
1434400563.762  0.00317 -0.99194  0.01416 -0.06330  0.44495  0.34587
1434400563.782  0.00464 -0.98560  0.00903 -0.06514  0.43670  0.34312
1434400563.802  0.00244 -0.98877  0.01147 -0.06606  0.44495  0.34312
1434400563.822  0.00781 -0.99194  0.01440 -0.06697  0.44312  0.34037
1434400563.842  0.00342 -0.98779  0.00781 -0.06422  0.44404  0.34037
1434400563.862  0.00537 -0.99072  0.01270 -0.06881  0.44587  0.34404
1434400563.882  0.00488 -0.98853  0.01001 -0.06422  0.44862  0.34495
1434400563.902  0.00171 -0.98633  0.00830 -0.06422  0.44587  0.34679
1434400563.922  0.00684 -0.99219  0.01123 -0.06606  0.44587  0.33945
1434400563.942  0.00513 -0.99121  0.01147 -0.06972  0.44679  0.34220
1434400563.962  0.00537 -0.98975  0.00952 -0.06422  0.44495  0.34679
1434400563.982  0.00342 -0.98926  0.01392 -0.06606  0.44587  0.34312
1434400564.002  0.00513 -0.99121  0.00928 -0.06789  0.44587  0.34312
1434400564.022  0.00635 -0.99536  0.00854 -0.06789  0.44404  0.34128
1434400564.042  0.00366 -0.99170  0.01221 -0.06697  0.44679  0.34128
1434400564.062  0.00342 -0.99390  0.01270 -0.06606  0.44587  0.34220
1434400564.082  0.00366 -0.99146  0.01050 -0.06514  0.44404  0.34037
1434400564.102  0.00342 -0.99536  0.00732 -0.06881  0.44404  0.34312
1434400564.122  0.00732 -0.98804  0.01050 -0.06514  0.44495  0.34404
1434400564.142  0.00293 -0.99121  0.01025 -0.06606  0.44495  0.34404
1434400564.162  0.00342 -0.98413  0.01367 -0.06697  0.44495  0.34128
1434400564.182  0.00708 -0.99609  0.01196 -0.06606  0.43119  0.34128
1434400564.202  0.00269 -0.98779  0.01392 -0.06606  0.44587  0.34037
1434400564.222  0.00537 -0.98730  0.01245 -0.06606  0.44587  0.34312
1434400564.242  0.00342 -0.98926  0.00952 -0.06514  0.44679  0.34312
1434400564.262  0.00244 -0.98560  0.01147 -0.06606  0.44404  0.34128
1434400564.282  0.00537 -0.99121  0.01416 -0.06422  0.44404  0.34220
1434400564.302  0.00439 -0.98828  0.01318 -0.06606  0.44587  0.34495
1434400564.322  0.00537 -0.99121  0.01367 -0.06697  0.44587  0.34220
1434400564.342  0.00269 -0.98584  0.01025 -0.06697  0.44954  0.34312
1434400564.362  0.00000 -0.99390  0.01392 -0.06697  0.43853  0.34312
1434400564.382  0.00684 -0.98560  0.01270 -0.06697  0.44404  0.34312
1434400564.402  0.00366 -0.98779  0.00928 -0.06881  0.44587  0.34312
1434400564.422  0.00537 -0.98926  0.01147 -0.06514  0.44495  0.34037
1434400564.442  0.00391 -0.99170  0.01196 -0.06606  0.44587  0.34495
1434400564.462  0.00928 -0.98877  0.01001 -0.06697  0.44404  0.34312
1434400564.482  0.00342 -0.99146  0.01196 -0.06697  0.44771  0.34128
1434400564.502  0.00342 -0.98779  0.01318 -0.06606  0.44220  0.34404
1434400564.522  0.00195 -0.98633  0.01270 -0.06697  0.44312  0.34220
1434400564.542  0.00293 -0.98730  0.01123 -0.06514  0.44404  0.34312
1434400564.562  0.00439 -0.99341  0.01318 -0.06881  0.44404  0.34312
1434400564.582  0.00513 -0.98999  0.01074 -0.06514  0.44495  0.34220
1434400564.602  0.00195 -0.98828  0.01196 -0.06697  0.44587  0.34404
1434400564.622  0.00488 -0.98950  0.01196 -0.06514  0.44587  0.34220
1434400564.642  0.00635 -0.99023  0.00928 -0.06789  0.44495  0.34220
1434400564.662  0.00317 -0.98999  0.01147 -0.06789  0.44771  0.34128
1434400564.682  0.00024 -0.99146  0.01147 -0.06514  0.44128  0.34404
1434400564.702  0.00220 -0.99390  0.01099 -0.06514  0.44587  0.34404
1434400564.722  0.00781 -0.99243  0.01050 -0.06697  0.44587  0.34128
1434400564.742  0.00195 -0.99243  0.01050 -0.06789  0.44495  0.34404
1434400564.762  0.00562 -0.99121  0.01221 -0.06422  0.44404  0.34495
1434400564.782  0.00317 -0.98901  0.01074 -0.06330  0.44862  0.34404
1434400564.802  0.00415 -0.98633  0.01001 -0.06330  0.43761  0.34312
1434400564.822  0.00171 -0.99243  0.00830 -0.06514  0.44862  0.34312
1434400564.842  0.00415 -0.98779  0.01001 -0.06697  0.44495  0.34312
1434400564.862  0.00293 -0.98999  0.01221 -0.06697  0.44679  0.34220
1434400564.882  0.00439 -0.98999  0.01123 -0.06514  0.44587  0.34679
1434400564.902  0.00269 -0.99341  0.01172 -0.06697  0.44312  0.34220
1434400564.922  0.00635 -0.98706  0.01050 -0.06697  0.44495  0.34220
1434400564.942  0.00195 -0.99292  0.01392 -0.06789  0.44404  0.34220
1434400564.962  0.00317 -0.99194  0.01099 -0.06422  0.44495  0.34312
1434400564.982  0.00366 -0.99121  0.01196 -0.06514  0.44587  0.34128
1434400565.002  0.00684 -0.98828  0.01196 -0.06514  0.44495  0.34128
1434400565.022  0.00464 -0.99146  0.01172 -0.06239  0.44587  0.34404
1434400565.042  0.00342 -0.99121  0.00928 -0.06697  0.44587  0.33945
1434400565.062  0.00537 -0.99219  0.01147 -0.06514  0.44679  0.34312
1434400565.082  0.00366 -0.98438  0.01001 -0.06789  0.44679  0.34128
1434400565.102  0.00269 -0.99243  0.01050 -0.06330  0.44771  0.34404
1434400565.122  0.00269 -0.98584  0.01245 -0.06514  0.44587  0.34220
1434400565.142  0.00513 -0.98853  0.00928 -0.06697  0.44587  0.34128
1434400565.162  0.00269 -0.98535  0.01196 -0.06697  0.44587  0.34495
1434400565.182  0.00635 -0.99487  0.01343 -0.06606  0.44771  0.34312
1434400565.202  0.00684 -0.98926  0.00830 -0.06606  0.44679  0.34220
1434400565.222  0.00122 -0.99146  0.01172 -0.06606  0.44495  0.34220
1434400565.242  0.00293 -0.98779  0.01074 -0.06606  0.44587  0.34312
1434400565.262  0.00635 -0.98877  0.01172 -0.06697  0.44312  0.34220
1434400565.282  0.00586 -0.99243  0.01318 -0.06697  0.44587  0.34037
1434400565.302 -0.00073 -0.98633  0.01172 -0.06697  0.44771  0.34404
1434400565.322  0.00391 -0.98877  0.01001 -0.06514  0.44771  0.34128
1434400565.342  0.00439 -0.99243  0.01221 -0.06514  0.44587  0.34404
1434400565.362  0.00342 -0.99390  0.01074 -0.06422  0.44587  0.34404
1434400565.382  0.00488 -0.98926  0.01074 -0.06606  0.44404  0.34128
1434400565.402  0.00439 -0.98633  0.01172 -0.06697  0.44771  0.34312
1434400565.422  0.00415 -0.98730  0.00830 -0.06606  0.44679  0.34220
1434400565.442  0.00415 -0.99390  0.01025 -0.06606  0.44495  0.34128
1434400565.462  0.00146 -0.98975  0.00879 -0.06881  0.44495  0.34128
1434400565.482  0.00732 -0.98682  0.01343 -0.06606  0.44404  0.34128
1434400565.502  0.00464 -0.98584  0.01050 -0.06697  0.44771  0.34404
1434400565.522  0.00317 -0.99146  0.01172 -0.06697  0.44587  0.34312
1434400565.542  0.00635 -0.98975  0.01294 -0.06697  0.44679  0.34128
1434400565.562  0.00122 -0.99243  0.01025 -0.06606  0.44679  0.34404
1434400565.582  0.00977 -0.98584  0.01196 -0.06697  0.44404  0.34404
1434400565.602  0.00488 -0.98877  0.01196 -0.06606  0.44587  0.34495
1434400565.622  0.00488 -0.98193  0.01172 -0.06972  0.44587  0.34220
1434400565.642  0.00610 -0.99194  0.01099 -0.06697  0.44220  0.34220
1434400565.662  0.00537 -0.98779  0.01074 -0.06697  0.44404  0.34128
1434400565.682  0.00513 -0.99023  0.00757 -0.06789  0.44495  0.34404
1434400565.702  0.00391 -0.99023  0.00830 -0.06514  0.44587  0.34495
1434400565.722  0.00391 -0.99219  0.01440 -0.06514  0.44587  0.34220
1434400565.742  0.00537 -0.98560  0.01123 -0.06514  0.44587  0.34312
1434400565.762  0.00586 -0.99365  0.01440 -0.06697  0.44404  0.34220
1434400565.782  0.00586 -0.99072  0.01392 -0.06606  0.44587  0.34220
1434400565.802  0.00269 -0.99292  0.01099 -0.06330  0.44220  0.34037
1434400565.822  0.00366 -0.99243  0.00977 -0.06514  0.44495  0.34037
1434400565.842  0.00684 -0.98413  0.01196 -0.06697  0.44587  0.33945
1434400565.862  0.00391 -0.98608  0.01367 -0.06697  0.44312  0.34312
1434400565.882  0.00562 -0.98950  0.01245 -0.06422  0.44404  0.34312
1434400565.902  0.00342 -0.98999  0.01099 -0.06789  0.44495  0.34495
1434400565.922  0.00342 -0.98755  0.01172 -0.06422  0.44495  0.34220
1434400565.942  0.00293 -0.99390  0.01343 -0.06422  0.44404  0.34220
1434400565.962  0.00513 -0.99390  0.00977 -0.06422  0.44404  0.34495
1434400565.982  0.00391 -0.99121  0.01172 -0.06697  0.44404  0.34220
1434400566.002  0.00903 -0.99023  0.01416 -0.06697  0.44771  0.34128
1434400566.022  0.00366 -0.98999  0.01221 -0.06606  0.44495  0.34220
1434400566.042  0.00464 -0.99438  0.01270 -0.06697  0.44495  0.34220
1434400566.062  0.00488 -0.98584  0.01343 -0.06697  0.43486  0.34312
1434400566.082  0.00366 -0.98828  0.00952 -0.06422  0.44587  0.34128
1434400566.102  0.00537 -0.98364  0.01465 -0.06422  0.44312  0.34312
1434400566.122  0.00366 -0.99023  0.01245 -0.06697  0.44495  0.34312
1434400566.142  0.00098 -0.99390  0.01147 -0.06422  0.43945  0.34312
1434400566.162  0.00317 -0.98486  0.00830 -0.06514  0.44587  0.34312
1434400566.182  0.00439 -0.98926  0.01221 -0.06514  0.44312  0.34404
1434400566.202  0.00342 -0.99097  0.01196 -0.06514  0.44679  0.34037
1434400566.222  0.00146 -0.98877  0.01001 -0.06514  0.44128  0.34220
1434400566.242  0.00684 -0.99121  0.01196 -0.06514  0.44404  0.34495
1434400566.262  0.00586 -0.99341  0.01221 -0.06881  0.44862  0.34495
1434400566.282  0.00684 -0.99365  0.01074 -0.06422  0.44771  0.34495
1434400566.302  0.00635 -0.98779  0.01343 -0.06606  0.44679  0.34312
1434400566.322  0.00586 -0.98877  0.01001 -0.06422  0.44312  0.34312
1434400566.342  0.01025 -0.98877  0.01147 -0.06606  0.44587  0.34220
1434400566.362  0.00586 -0.98682  0.00781 -0.06789  0.44495  0.34037
1434400566.382  0.00537 -0.99194  0.01270 -0.06697  0.44587  0.34495
1434400566.402  0.00513 -0.99292  0.01392 -0.06514  0.44404  0.34312
1434400566.422  0.00342 -0.99536  0.01147 -0.06330  0.44495  0.34220
1434400566.442  0.00171 -0.98877  0.00732 -0.06606  0.44679  0.34128
1434400566.462  0.00049 -0.98926  0.01196 -0.06422  0.44404  0.34220
1434400566.482  0.00537 -0.98926  0.00977 -0.06330  0.44404  0.34404
1434400566.502  0.00781 -0.98877  0.01245 -0.06606  0.44587  0.34312
1434400566.522  0.00537 -0.98975  0.01221 -0.06697  0.44312  0.34404
1434400566.542  0.00415 -0.98926  0.01245 -0.06789  0.44679  0.34128
1434400566.562  0.00317 -0.98926  0.01172 -0.06789  0.44404  0.34312
1434400566.582  0.00586 -0.98633  0.01367 -0.06514  0.44404  0.34404
1434400566.602  0.00342 -0.98975  0.00586 -0.06514  0.44404  0.34495
1434400566.622  0.00488 -0.99341  0.01050 -0.06881  0.44404  0.34404
1434400566.642  0.00488 -0.99121  0.01172 -0.06789  0.44404  0.34128
1434400566.662  0.00635 -0.99438  0.01123 -0.06606  0.44495  0.34037
1434400566.682  0.00439 -0.99121  0.01074 -0.06697  0.44404  0.34404
1434400566.702  0.00635 -0.98560  0.01172 -0.06422  0.44495  0.34128
1434400566.722  0.00366 -0.98730  0.00781 -0.06697  0.44587  0.34312
1434400566.742  0.00684 -0.99170  0.01050 -0.06606  0.44587  0.34128
1434400566.762  0.00537 -0.99072  0.01294 -0.06606  0.44771  0.34312
1434400566.782  0.00366 -0.98682  0.01172 -0.06697  0.44587  0.34312
1434400566.802  0.00684 -0.98413  0.00879 -0.06330  0.44679  0.34220
1434400566.822  0.00146 -0.99585  0.01270 -0.06514  0.44404  0.34587
1434400566.842  0.00342 -0.98535  0.01318 -0.06422  0.44679  0.34312
1434400566.862  0.00391 -0.98584  0.01489 -0.06606  0.44404  0.34220
1434400566.882  0.00342 -0.98828  0.00977 -0.06606  0.44587  0.34404
1434400566.902  0.00830 -0.98730  0.01050 -0.06697  0.44771  0.34128
1434400566.922  0.00439 -0.99072  0.01392 -0.06697  0.44495  0.34404
1434400566.942  0.00586 -0.98584  0.01440 -0.06606  0.44679  0.34495
1434400566.962  0.00488 -0.99390  0.01099 -0.06514  0.44679  0.34128
1434400566.982  0.00293 -0.98462  0.01270 -0.06514  0.44495  0.34312
1434400567.002  0.00684 -0.99243  0.01050 -0.06422  0.44312  0.34312
1434400567.022  0.00317 -0.99121  0.00952 -0.06514  0.44495  0.34404
1434400567.042  0.00415 -0.98828  0.01270 -0.06697  0.44587  0.34128
1434400567.062  0.00366 -0.98730  0.01221 -0.06606  0.44404  0.34495
1434400567.082  0.00415 -0.99023  0.01099 -0.06514  0.44771  0.34495
1434400567.102  0.00537 -0.98975  0.01172 -0.06422  0.44587  0.34128
1434400567.122  0.00439 -0.99194  0.01074 -0.06606  0.44312  0.34495
1434400567.142  0.00391 -0.99023  0.01025 -0.06514  0.44404  0.34220
1434400567.162  0.00537 -0.98926  0.01147 -0.06697  0.44679  0.34220
1434400567.182  0.00146 -0.99268  0.00952 -0.06422  0.44404  0.34220
1434400567.202  0.00342 -0.99072  0.01221 -0.06606  0.44495  0.34220
1434400567.222  0.00317 -0.99097  0.01074 -0.06789  0.44771  0.34771
1434400567.242  0.00586 -0.98926  0.01245 -0.06606  0.44312  0.34312
1434400567.262  0.00220 -0.98682  0.01196 -0.06697  0.44771  0.34220
1434400567.282  0.00635 -0.99048  0.01245 -0.06514  0.44587  0.34404
1434400567.302  0.00439 -0.99292  0.01245 -0.06330  0.44771  0.34128
1434400567.322  0.00537 -0.98633  0.01025 -0.06514  0.44587  0.34220
1434400567.342  0.00635 -0.98730  0.01245 -0.06514  0.44495  0.34404
1434400567.362  0.00537 -0.98584  0.01465 -0.06697  0.44220  0.34220
1434400567.382  0.00464 -0.98462  0.01074 -0.06606  0.44587  0.34679
1434400567.402  0.00342 -0.98486  0.01440 -0.06514  0.44312  0.34404
1434400567.422  0.00342 -0.98877  0.01074 -0.06697  0.44679  0.34220
1434400567.442  0.00342 -0.99097  0.01416 -0.06514  0.44312  0.34037
1434400567.462  0.00732 -0.98877  0.01147 -0.06697  0.44679  0.34220
1434400567.482  0.00171 -0.98608  0.01050 -0.06514  0.44312  0.34404
1434400567.502  0.00464 -0.99219  0.01221 -0.06697  0.44679  0.34312
1434400567.522  0.00122 -0.99023  0.01001 -0.06606  0.44495  0.34312
1434400567.542  0.00635 -0.99072  0.01416 -0.06881  0.44771  0.34404
1434400567.562  0.00635 -0.98877  0.01099 -0.06606  0.44312  0.34404
1434400567.582  0.00586 -0.98779  0.01367 -0.06514  0.44587  0.34495
1434400567.602  0.00684 -0.99902  0.01025 -0.06330  0.44404  0.34220
1434400567.622  0.00635 -0.98828  0.00684 -0.06514  0.44679  0.34220
1434400567.642  0.00635 -0.98682  0.01221 -0.06697  0.44312  0.34404
1434400567.662  0.00586 -0.98779  0.01416 -0.06422  0.44312  0.34220
1434400567.682  0.00439 -0.99292  0.00977 -0.06606  0.44404  0.34404
1434400567.702  0.00317 -0.98926  0.01318 -0.06606  0.44495  0.34495
1434400567.722  0.00464 -0.98560  0.01147 -0.06514  0.44862  0.34220
1434400567.742  0.00586 -0.98779  0.01050 -0.06697  0.44495  0.34220
1434400567.762  0.00513 -0.99170  0.00977 -0.06697  0.44404  0.34128
1434400567.782  0.00708 -0.98535  0.01318 -0.06514  0.44404  0.34495
1434400567.802  0.00439 -0.98535  0.01172 -0.06606  0.44404  0.34312
1434400567.822  0.00293 -0.99219  0.01001 -0.06606  0.44404  0.34312
1434400567.842  0.00220 -0.98584  0.01099 -0.06697  0.44587  0.34220
1434400567.862  0.00317 -0.99121  0.01245 -0.06697  0.44587  0.34312
1434400567.882  0.00146 -0.99243  0.01147 -0.06789  0.44404  0.34404
1434400567.902  0.00269 -0.98633  0.00830 -0.06422  0.44495  0.34220
1434400567.922  0.00684 -0.98877  0.01074 -0.06789  0.44220  0.34404
1434400567.942  0.00342 -0.98169  0.01050 -0.06514  0.44862  0.34404
1434400567.962  0.00195 -0.99805  0.01294 -0.06606  0.44587  0.34220
1434400567.982  0.00586 -0.99341  0.01025 -0.06422  0.44495  0.34312
1434400568.002  0.00488 -0.99072  0.01294 -0.06606  0.44587  0.34495
1434400568.022  0.00781 -0.98438  0.01416 -0.06606  0.44679  0.34312
1434400568.042  0.00537 -0.98877  0.01172 -0.06606  0.44404  0.34220
1434400568.062  0.00366 -0.98682  0.01245 -0.06514  0.44679  0.34404
1434400568.082  0.00220 -0.98804  0.01123 -0.06789  0.44587  0.34220
1434400568.102  0.00488 -0.99072  0.01318 -0.06422  0.44495  0.34220
1434400568.122  0.00269 -0.99170  0.01123 -0.06514  0.44312  0.34404
1434400568.142  0.00317 -0.98999  0.01489 -0.06697  0.44495  0.34220
1434400568.162  0.00781 -0.98389  0.01147 -0.06789  0.44587  0.34128
1434400568.182  0.00439 -0.98633  0.01123 -0.06422  0.44404  0.34312
1434400568.202  0.00586 -0.98828  0.01587 -0.06514  0.44587  0.34587
1434400568.222  0.00195 -0.98633  0.01050 -0.06789  0.44587  0.34037
1434400568.242  0.00977 -0.99487  0.01074 -0.06514  0.44312  0.34037
1434400568.262  0.00293 -0.99268  0.01074 -0.06606  0.44679  0.34312
1434400568.282  0.00269 -0.99341  0.01123 -0.06789  0.44495  0.34495
1434400568.302  0.00415 -0.98877  0.00977 -0.06514  0.44495  0.34220
1434400568.322  0.00537 -0.98682  0.01440 -0.06422  0.44587  0.34220
1434400568.342  0.00439 -0.98438  0.01196 -0.06697  0.44404  0.34312
1434400568.362  0.00635 -0.99194  0.01270 -0.06514  0.44404  0.34312
1434400568.382  0.00488 -0.99121  0.00732 -0.06606  0.44404  0.34495
1434400568.402  0.00537 -0.98633  0.01025 -0.06697  0.44587  0.34404
1434400568.422  0.00391 -0.98828  0.01294 -0.06514  0.44495  0.34495
1434400568.442  0.00244 -0.98682  0.01025 -0.06514  0.44495  0.34312
1434400568.462  0.00293 -0.98584  0.01074 -0.06606  0.44495  0.34128
1434400568.482  0.00732 -0.98315  0.01245 -0.06514  0.44312  0.34404
1434400568.502  0.00684 -0.98730  0.00928 -0.06697  0.44404  0.34128
1434400568.522  0.00122 -0.99243  0.01147 -0.06606  0.44587  0.34312
1434400568.542  0.00391 -0.98633  0.00903 -0.06606  0.44312  0.34128
1434400568.562  0.00269 -0.99097  0.01025 -0.06881  0.44587  0.34220
1434400568.582  0.00220 -0.98535  0.01172 -0.06239  0.44404  0.34312
1434400568.602  0.00781 -0.98877  0.01196 -0.06606  0.44220  0.34220
1434400568.622  0.00439 -0.99121  0.00928 -0.06330  0.44495  0.34587
1434400568.642  0.00586 -0.99243  0.01123 -0.06422  0.44587  0.34404
1434400568.662  0.00439 -0.98804  0.01050 -0.06514  0.44495  0.34312
1434400568.682  0.00366 -0.99341  0.01367 -0.06697  0.44495  0.34312
1434400568.702  0.00317 -0.99048  0.01221 -0.06697  0.44679  0.34404
1434400568.722  0.00562 -0.98730  0.01294 -0.06606  0.44220  0.34587
1434400568.742  0.00293 -0.98877  0.01294 -0.06606  0.44404  0.34312
1434400568.762  0.00684 -0.99292  0.01392 -0.06606  0.44587  0.34220
1434400568.782  0.00269 -0.98340  0.01099 -0.06514  0.44587  0.34312
1434400568.802  0.00366 -0.99243  0.01245 -0.06606  0.44495  0.34128
1434400568.822  0.00537 -0.98877  0.00879 -0.06697  0.44679  0.34312
1434400568.842  0.00537 -0.98828  0.01294 -0.06422  0.44404  0.34220
1434400568.862  0.00684 -0.98511  0.01270 -0.06330  0.44587  0.34404
1434400568.882  0.00415 -0.98730  0.00928 -0.06330  0.44679  0.34220
1434400568.902  0.00537 -0.99292  0.01270 -0.06330  0.42752  0.34312
1434400568.922  0.00732 -0.98682  0.01050 -0.06514  0.44404  0.34037
1434400568.942  0.00488 -0.98682  0.00903 -0.06697  0.44587  0.34404
1434400568.962  0.00488 -0.99121  0.01221 -0.06606  0.44679  0.34220
1434400568.982  0.00488 -0.99390  0.01025 -0.06606  0.44679  0.34312
1434400569.002  0.00488 -0.98828  0.01172 -0.06789  0.44495  0.34404
1434400569.022  0.00586 -0.98633  0.01123 -0.06514  0.44587  0.34312
1434400569.042  0.00171 -0.98706  0.00952 -0.06697  0.44312  0.34312
1434400569.062  0.00781 -0.98584  0.01147 -0.06697  0.44679  0.34312
1434400569.082  0.00391 -0.98560  0.01514 -0.06606  0.44587  0.34404
1434400569.102  0.00269 -0.98877  0.01050 -0.06606  0.44495  0.34404
1434400569.122  0.00464 -0.99170  0.01196 -0.06789  0.44404  0.34312
1434400569.142  0.00342 -0.98779  0.01392 -0.06881  0.43853  0.34220
1434400569.162  0.00293 -0.99121  0.00879 -0.06697  0.44587  0.34220
1434400569.182  0.00586 -0.98975  0.01221 -0.06789  0.44404  0.34495
1434400569.202  0.00464 -0.98682  0.00854 -0.06330  0.44679  0.34220
1434400569.222  0.00269 -0.98877  0.00977 -0.06422  0.44679  0.34220
1434400569.242  0.00781 -0.98828  0.01196 -0.06606  0.44495  0.34404
1434400569.262  0.00391 -0.98535  0.01123 -0.06514  0.44495  0.34404
1434400569.282  0.00684 -0.98926  0.01465 -0.06514  0.44587  0.34679
1434400569.302  0.00342 -0.98633  0.01196 -0.06514  0.44679  0.34220
1434400569.322  0.00391 -0.98975  0.00928 -0.06606  0.44495  0.34037
1434400569.342  0.00342 -0.98877  0.01147 -0.06514  0.44495  0.34037
1434400569.362  0.00342 -0.98633  0.01074 -0.06606  0.44679  0.34037
1434400569.382  0.00366 -0.98828  0.01343 -0.06606  0.44679  0.34404
1434400569.402  0.00366 -0.99072  0.01099 -0.06514  0.44404  0.34312
1434400569.422  0.00146 -0.98633  0.01221 -0.06697  0.44679  0.34128
1434400569.442  0.00830 -0.99390  0.01245 -0.06697  0.44495  0.34495
1434400569.462  0.00439 -0.98486  0.01050 -0.06606  0.44587  0.34128
1434400569.482  0.00635 -0.99536  0.00952 -0.06514  0.44587  0.34037
1434400569.502  0.00537 -0.98584  0.01001 -0.06697  0.43211  0.34495
1434400569.522  0.00830 -0.98779  0.01099 -0.06697  0.44404  0.34220
1434400569.542  0.00635 -0.99072  0.00928 -0.06422  0.44495  0.34312
1434400569.562  0.00391 -0.98438  0.01196 -0.06422  0.44404  0.34312
1434400569.582  0.00342 -0.98926  0.01147 -0.06789  0.44587  0.34220
1434400569.602  0.00439 -0.99170  0.00928 -0.06330  0.44587  0.34312
1434400569.622  0.00464 -0.99121  0.01147 -0.06330  0.44404  0.34220
1434400569.642  0.00171 -0.98779  0.01099 -0.06789  0.44128  0.34220
1434400569.662  0.00342 -0.98877  0.01074 -0.06514  0.44587  0.34312
1434400569.682  0.00439 -0.98730  0.01147 -0.06514  0.44679  0.34220
1434400569.702  0.00635 -0.98462  0.01221 -0.06514  0.44495  0.34587
1434400569.722  0.00537 -0.98730  0.01270 -0.06606  0.44495  0.34037
1434400569.742  0.00562 -0.99194  0.01245 -0.06789  0.44404  0.34312
1434400569.762  0.00586 -0.98779  0.00952 -0.06514  0.44495  0.34312
1434400569.782  0.00488 -0.98926  0.01270 -0.06697  0.44495  0.34312
1434400569.802  0.00537 -0.99390  0.01294 -0.06697  0.44312  0.34495
1434400569.822  0.00269 -0.98950  0.01123 -0.06881  0.44220  0.34220
1434400569.842  0.00635 -0.99146  0.00952 -0.06697  0.44312  0.34495
1434400569.862  0.00391 -0.98926  0.01221 -0.06697  0.44495  0.34587
1434400569.882  0.00439 -0.99170  0.01099 -0.06606  0.44404  0.34220
1434400569.902  0.00366 -0.99316  0.01221 -0.06606  0.44495  0.34404
1434400569.922  0.00635 -0.98633  0.01147 -0.06422  0.44771  0.34312
1434400569.942  0.00537 -0.98560  0.01270 -0.06697  0.44679  0.34220
1434400569.962  0.00684 -0.99072  0.01099 -0.06606  0.44312  0.34312
1434400569.982  0.00488 -0.99561  0.01221 -0.06422  0.44862  0.34495
1434400570.002  0.00146 -0.99194  0.01099 -0.06514  0.44037  0.34404
1434400570.022  0.00879 -0.98950  0.01440 -0.06514  0.44679  0.34312
1434400570.042  0.00781 -0.98315  0.01099 -0.06606  0.44312  0.34312
1434400570.062  0.00293 -0.98462  0.00781 -0.06514  0.44404  0.34220
1434400570.082  0.00488 -0.98682  0.01270 -0.06697  0.44495  0.34587
1434400570.102  0.00415 -0.99121  0.01099 -0.06514  0.44404  0.34312
1434400570.122  0.00488 -0.98730  0.01318 -0.06606  0.44679  0.34404
1434400570.142  0.00195 -0.98926  0.01245 -0.06606  0.44220  0.34220
1434400570.162  0.00781 -0.98779  0.01123 -0.06606  0.44404  0.34495
1434400570.182  0.00366 -0.98730  0.01196 -0.06697  0.44495  0.34128
1434400570.202  0.00537 -0.98950  0.01025 -0.06697  0.44587  0.34495
1434400570.222  0.00732 -0.98730  0.01245 -0.06422  0.44404  0.34128
1434400570.242  0.00830 -0.98560  0.01245 -0.06514  0.44312  0.34220
1434400570.262  0.00244 -0.98779  0.00879 -0.06514  0.44404  0.34404
1434400570.282  0.00244 -0.99658  0.01172 -0.06422  0.44220  0.34312
1434400570.302  0.00830 -0.98804  0.01440 -0.06881  0.44771  0.34128
1434400570.322  0.00098 -0.98877  0.00781 -0.06881  0.44404  0.34404
1434400570.342  0.00684 -0.98584  0.01050 -0.06606  0.44404  0.34404
1434400570.362  0.00488 -0.99023  0.01270 -0.06606  0.44587  0.34404
1434400570.382  0.00684 -0.98877  0.01367 -0.06697  0.44495  0.34404
1434400570.402  0.00488 -0.99146  0.00879 -0.06422  0.44495  0.34220
1434400570.422  0.00635 -0.98755  0.01440 -0.06330  0.44679  0.34128
1434400570.442  0.00537 -0.98608  0.01245 -0.06330  0.44495  0.34220
1434400570.462  0.00806 -0.98267  0.01074 -0.06422  0.44587  0.34312
1434400570.482  0.00366 -0.98633  0.01270 -0.06606  0.44679  0.34312
1434400570.502  0.00269 -0.98926  0.01221 -0.06606  0.44587  0.34587
1434400570.522  0.00513 -0.99072  0.01050 -0.06606  0.44495  0.34404
1434400570.542  0.00537 -0.98950  0.00830 -0.06789  0.44312  0.34312
1434400570.562  0.00586 -0.98828  0.01123 -0.06789  0.44587  0.34220
1434400570.582  0.00732 -0.98315  0.01001 -0.06697  0.44587  0.34312
1434400570.602  0.00439 -0.98535  0.01099 -0.06330  0.44404  0.34587
1434400570.622  0.00537 -0.98877  0.00928 -0.06606  0.44495  0.34312
1434400570.642  0.00684 -0.98682  0.00928 -0.06606  0.44862  0.34495
1434400570.662  0.00171 -0.98486  0.00830 -0.06514  0.44404  0.34312
1434400570.682  0.00488 -0.99048  0.01001 -0.06697  0.44404  0.34404
1434400570.702  0.00586 -0.99146  0.00952 -0.06514  0.44679  0.34404
1434400570.722  0.00195 -0.99194  0.01074 -0.06514  0.44312  0.34495
1434400570.742  0.00586 -0.99341  0.01074 -0.06789  0.44679  0.34404
1434400570.762  0.00122 -0.99048  0.00830 -0.06514  0.44679  0.34128
1434400570.782  0.00293 -0.99023  0.01123 -0.06697  0.44587  0.34312
1434400570.802  0.00830 -0.98779  0.01099 -0.06697  0.44495  0.34312
1434400570.822  0.00781 -0.99121  0.01196 -0.06606  0.44495  0.34220
1434400570.842  0.00293 -0.99243  0.01416 -0.06697  0.44312  0.34404
1434400570.862  0.00830 -0.98975  0.01318 -0.06881  0.44404  0.34220
1434400570.882  0.00781 -0.98877  0.01172 -0.06514  0.44587  0.34220
1434400570.902  0.00586 -0.99243  0.01538 -0.06422  0.44404  0.34404
1434400570.922  0.00269 -0.99268  0.01440 -0.06514  0.44587  0.34220
1434400570.942  0.00244 -0.98730  0.01196 -0.06789  0.44771  0.34404
1434400570.962  0.00537 -0.98706  0.00903 -0.06514  0.44312  0.34404
1434400570.982  0.00366 -0.99121  0.00977 -0.06697  0.44587  0.34495
1434400571.002  0.00537 -0.98267  0.01172 -0.06697  0.44862  0.34495
1434400571.022  0.00220 -0.98682  0.01074 -0.06697  0.44404  0.34220
1434400571.042  0.00342 -0.99438  0.01074 -0.06789  0.44404  0.34220
1434400571.062  0.00684 -0.98779  0.01294 -0.06697  0.44495  0.34128
1434400571.082  0.00635 -0.98462  0.00854 -0.06606  0.44404  0.34495
1434400571.102  0.00684 -0.98584  0.01001 -0.06514  0.44587  0.34312
1434400571.122  0.00635 -0.99023  0.01074 -0.06697  0.44587  0.34128
1434400571.142  0.00684 -0.99170  0.01147 -0.06422  0.44220  0.33945
1434400571.162  0.00586 -0.98950  0.00977 -0.06697  0.44495  0.34312
1434400571.182  0.00317 -0.98730  0.01318 -0.06330  0.44771  0.34404
1434400571.202  0.00342 -0.99072  0.01367 -0.06330  0.44587  0.34404
1434400571.222  0.00171 -0.98633  0.00952 -0.06606  0.44679  0.34220
1434400571.242  0.00977 -0.98633  0.01123 -0.06514  0.44679  0.34404
1434400571.262  0.00439 -0.98755  0.01001 -0.06422  0.44495  0.34404
1434400571.282  0.00293 -0.99243  0.01099 -0.06330  0.44862  0.34220
1434400571.302  0.00537 -0.98682  0.01367 -0.06697  0.44495  0.34495
1434400571.322  0.00220 -0.98877  0.01245 -0.06514  0.44495  0.34220
1434400571.342  0.00830 -0.99023  0.01294 -0.06697  0.44587  0.34312
1434400571.362  0.00391 -0.98828  0.01270 -0.06514  0.44495  0.34312
1434400571.382  0.00366 -0.98486  0.01147 -0.06422  0.44495  0.34404
1434400571.402  0.00830 -0.99048  0.01343 -0.06514  0.44495  0.34312
1434400571.422  0.00635 -0.99023  0.01221 -0.06606  0.44220  0.34312
1434400571.442  0.00684 -0.98315  0.01123 -0.06697  0.44404  0.34312
1434400571.462  0.00244 -0.99023  0.00977 -0.06422  0.44495  0.34312
1434400571.482  0.00537 -0.99219  0.01099 -0.06697  0.44679  0.34220
1434400571.502  0.00513 -0.98828  0.01196 -0.06606  0.44679  0.34312
1434400571.522  0.00732 -0.99023  0.01245 -0.06697  0.44404  0.34404
1434400571.542  0.00317 -0.98608  0.01099 -0.06697  0.44587  0.34495
1434400571.562  0.00146 -0.98486  0.01147 -0.06514  0.44312  0.34312
1434400571.582  0.00562 -0.99219  0.00928 -0.06697  0.44404  0.34587
1434400571.602  0.00244 -0.98633  0.00928 -0.06422  0.44587  0.34404
1434400571.622  0.00781 -0.98877  0.01001 -0.06606  0.44312  0.34128
1434400571.642  0.00342 -0.98901  0.01343 -0.06330  0.44587  0.34037
1434400571.662  0.00293 -0.99390  0.01123 -0.06697  0.44587  0.34404
1434400571.682  0.00439 -0.98779  0.01440 -0.06606  0.44771  0.34312
1434400571.702  0.00391 -0.99341  0.01343 -0.06606  0.44679  0.34587
1434400571.722  0.00635 -0.99121  0.01221 -0.06789  0.44587  0.34312
1434400571.742  0.00537 -0.99292  0.01318 -0.06514  0.44495  0.34312
1434400571.762  0.00513 -0.99023  0.01050 -0.07064  0.44404  0.34312
1434400571.782  0.00488 -0.98682  0.00928 -0.06697  0.44312  0.34312
1434400571.802  0.00415 -0.98511  0.01196 -0.06422  0.44220  0.34037
1434400571.822  0.00781 -0.98730  0.01318 -0.06514  0.44495  0.34404
1434400571.842  0.00391 -0.98560  0.01367 -0.06514  0.44404  0.34220
1434400571.862  0.00049 -0.97681  0.01147 -0.06606  0.44312  0.34220
1434400571.882  0.00586 -0.98145  0.01099 -0.06330  0.43945  0.34312
1434400571.902  0.00635 -0.98877  0.01099 -0.06606  0.44587  0.34312
1434400571.922  0.00684 -0.99219  0.00684 -0.06697  0.44404  0.34128
1434400571.942  0.00684 -0.98584  0.01050 -0.06789  0.44679  0.34587
1434400571.962 -0.00171 -0.98315  0.01196 -0.06697  0.44128  0.34312
1434400571.982  0.00537 -0.98779  0.01001 -0.06697  0.44495  0.34404
1434400572.002  0.00317 -0.99243  0.01099 -0.06789  0.44495  0.34495
1434400572.022  0.00391 -0.98828  0.01123 -0.06606  0.44220  0.34404
1434400572.042  0.00439 -0.98975  0.00854 -0.06422  0.44404  0.34404
1434400572.062  0.00781 -0.99194  0.01221 -0.06697  0.44587  0.34220
1434400572.082  0.00073 -0.98901  0.01172 -0.06514  0.44587  0.34220
1434400572.102  0.00513 -0.98682  0.01050 -0.06514  0.44587  0.34404
1434400572.122  0.00635 -0.98730  0.01318 -0.06422  0.44404  0.34220
1434400572.142  0.00269 -0.98584  0.01074 -0.06514  0.44404  0.34312
1434400572.162  0.00391 -0.98828  0.00879 -0.06606  0.44679  0.34128
1434400572.182  0.00415 -0.99219  0.01025 -0.06422  0.44679  0.34037
1434400572.202  0.00439 -0.98926  0.01001 -0.06514  0.44587  0.34312
1434400572.222  0.00220 -0.99390  0.01245 -0.06789  0.44679  0.34495
1434400572.242  0.00488 -0.99268  0.01099 -0.06697  0.44037  0.34128
1434400572.262  0.00391 -0.98682  0.01196 -0.06239  0.44679  0.34404
1434400572.282  0.00684 -0.98413  0.01440 -0.06606  0.44587  0.34312
1434400572.302  0.00391 -0.99048  0.01172 -0.06697  0.44954  0.34128
1434400572.322  0.00586 -0.98877  0.00830 -0.06697  0.44495  0.34404
1434400572.342  0.00293 -0.99390  0.01099 -0.06789  0.44771  0.34312
1434400572.362  0.00098 -0.98901  0.01367 -0.06514  0.44679  0.34312
1434400572.382  0.00366 -0.98975  0.01294 -0.06514  0.44312  0.34037
1434400572.402  0.00732 -0.99048  0.01270 -0.06330  0.44587  0.34312
1434400572.422  0.00537 -0.99268  0.01294 -0.06697  0.44587  0.34312
1434400572.442  0.00098 -0.98877  0.01074 -0.06606  0.44679  0.34220
1434400572.462  0.00562 -0.99146  0.00952 -0.06514  0.44587  0.34404
1434400572.482  0.00244 -0.98657  0.01367 -0.06239  0.44404  0.34220
1434400572.502  0.00830 -0.98926  0.01245 -0.06514  0.44587  0.34404
1434400572.522  0.00049 -0.99292  0.01294 -0.06514  0.44587  0.34404
1434400572.542  0.00781 -0.98950  0.01123 -0.06697  0.44495  0.34037
1434400572.562  0.00391 -0.98730  0.01343 -0.06514  0.44587  0.34404
1434400572.582  0.00391 -0.98535  0.01416 -0.06422  0.44587  0.34220
1434400572.602  0.00269 -0.98926  0.01465 -0.06606  0.44495  0.34404
1434400572.622  0.00684 -0.99219  0.01221 -0.06606  0.44312  0.34128
1434400572.642  0.00073 -0.99390  0.01001 -0.06514  0.44495  0.34495
1434400572.662  0.00732 -0.98779  0.01440 -0.06606  0.44587  0.34587
1434400572.682  0.00317 -0.98999  0.00928 -0.06606  0.44862  0.34404
1434400572.702  0.00366 -0.98682  0.01099 -0.06606  0.44587  0.34404
1434400572.722  0.00488 -0.99023  0.01538 -0.06606  0.44495  0.34037
1434400572.742  0.00122 -0.98828  0.01050 -0.06697  0.44495  0.34312
1434400572.762  0.00415 -0.98950  0.01221 -0.06697  0.44404  0.34312
1434400572.782  0.00122 -0.98657  0.01270 -0.06514  0.44679  0.34128
1434400572.802  0.00391 -0.99023  0.00928 -0.06697  0.44312  0.34312
1434400572.822  0.00537 -0.99048  0.01245 -0.06514  0.44495  0.34220
1434400572.842  0.00171 -0.98633  0.00928 -0.06606  0.44404  0.34587
1434400572.862  0.00439 -0.98218  0.01489 -0.06606  0.44771  0.34220
1434400572.882  0.00415 -0.98340  0.01392 -0.06606  0.44771  0.34404
1434400572.902  0.00098 -0.98877  0.00684 -0.06422  0.45229  0.34404
1434400572.922  0.00537 -0.98535  0.00928 -0.06514  0.44587  0.34220
1434400572.942  0.00293 -0.98730  0.01245 -0.06606  0.44404  0.34037
1434400572.962  0.00537 -0.99512  0.00928 -0.06514  0.44587  0.34312
1434400572.982  0.00317 -0.98877  0.01245 -0.06330  0.44495  0.34495
1434400573.002  0.00293 -0.98779  0.01465 -0.06606  0.44587  0.34312
1434400573.022  0.00586 -0.98682  0.01099 -0.06697  0.44587  0.34312
1434400573.042  0.00317 -0.99390  0.01172 -0.06606  0.44495  0.34312
1434400573.062  0.01001 -0.98779  0.02197 -0.06330  0.44495  0.34404
1434400573.082  0.00439 -0.99243 -0.00000 -0.06514  0.44587  0.34404
1434400573.102  0.00537 -0.98511  0.00732 -0.06606  0.44587  0.34128
1434400573.122  0.00684 -0.98779  0.01709 -0.06514  0.44495  0.34037
1434400573.142  0.00684 -0.98779  0.01025 -0.06697  0.44495  0.34220
1434400573.162  0.00684 -0.99390  0.01074 -0.06697  0.44587  0.34495
1434400573.182  0.00586 -0.99048  0.01367 -0.06330  0.44495  0.34495
1434400573.202  0.00391 -0.99023  0.01025 -0.06789  0.44220  0.34128
1434400573.222  0.00317 -0.98828  0.00684 -0.06422  0.44404  0.34312
1434400573.242  0.00635 -0.98975  0.01318 -0.06697  0.44495  0.34404
1434400573.262  0.00586 -0.99023  0.01025 -0.06514  0.44037  0.34312
1434400573.282  0.00684 -0.99219  0.01196 -0.06697  0.44587  0.34220
1434400573.302  0.00171 -0.98926  0.00928 -0.06697  0.44404  0.34312
1434400573.322  0.00732 -0.98877  0.01294 -0.06789  0.44771  0.34128
1434400573.342  0.00684 -0.98657  0.01050 -0.06789  0.44220  0.34037
1434400573.362  0.00513 -0.99023  0.00854 -0.06330  0.44312  0.34220
1434400573.382  0.00415 -0.98975  0.01318 -0.06422  0.44771  0.34312
1434400573.402  0.00439 -0.99365  0.01050 -0.06697  0.44587  0.34495
1434400573.422  0.00391 -0.98828  0.01001 -0.06789  0.44679  0.33945
1434400573.442  0.00439 -0.98901  0.01221 -0.06697  0.44404  0.33853
1434400573.462  0.00635 -0.99121  0.01489 -0.06514  0.44679  0.34312
1434400573.482  0.00488 -0.98730  0.01440 -0.06697  0.44495  0.34404
1434400573.502  0.00781 -0.98779  0.01025 -0.06606  0.44495  0.34220
1434400573.522  0.00903 -0.98828  0.01318 -0.06697  0.44495  0.34128
1434400573.542  0.00659 -0.98560  0.01123 -0.06789  0.44495  0.34312
1434400573.562  0.00757 -0.98560  0.01270 -0.06422  0.44495  0.34495
1434400573.582  0.00537 -0.98877  0.01196 -0.06422  0.44954  0.34495
1434400573.602  0.00269 -0.98877  0.01196 -0.06697  0.44312  0.34220
1434400573.622  0.00635 -0.98584  0.01147 -0.06789  0.44587  0.34128
1434400573.642  0.00586 -0.98828  0.01074 -0.06606  0.44312  0.34404
1434400573.662  0.00586 -0.98877  0.01172 -0.06697  0.44404  0.34404
1434400573.682  0.00220 -0.98633  0.01172 -0.06422  0.45321  0.34495
1434400573.702  0.00342 -0.98999  0.01025 -0.06606  0.44587  0.33945
1434400573.722  0.00488 -0.99146  0.00977 -0.06697  0.44037  0.34128
1434400573.742  0.00439 -0.98877  0.01196 -0.06239  0.44404  0.34312
1434400573.762  0.00293 -0.98633  0.01001 -0.06789  0.44404  0.34220
1434400573.782  0.00415 -0.99268  0.01538 -0.06789  0.44771  0.34404
1434400573.802  0.00439 -0.99194  0.00928 -0.06789  0.44312  0.34220
1434400573.822  0.00488 -0.98779  0.01147 -0.06606  0.44220  0.34312
1434400573.842  0.00879 -0.98975  0.01416 -0.06606  0.44312  0.34128
1434400573.862  0.00317 -0.99146  0.01538 -0.06697  0.44495  0.34037
1434400573.882  0.00513 -0.98315  0.01050 -0.06514  0.44404  0.34128
1434400573.902  0.00122 -0.99170  0.01001 -0.06606  0.44404  0.34404
1434400573.922  0.00391 -0.98804  0.01294 -0.06514  0.44404  0.34220
1434400573.942  0.00488 -0.98828  0.01196 -0.06789  0.44771  0.34128
1434400573.962  0.00439 -0.99463  0.01245 -0.06789  0.44679  0.34495
1434400573.982  0.00366 -0.98584  0.00952 -0.06881  0.44404  0.34404
1434400574.002  0.00537 -0.98975  0.01196 -0.06606  0.44495  0.34404
1434400574.022  0.00439 -0.98730  0.01123 -0.06514  0.44587  0.34220
1434400574.042  0.00635 -0.99121  0.01514 -0.06789  0.44771  0.34220
1434400574.062  0.00293 -0.99316  0.00977 -0.06422  0.44220  0.34220
1434400574.082  0.00757 -0.98877  0.00879 -0.06606  0.44312  0.34312
1434400574.102  0.00171 -0.98828  0.01392 -0.06422  0.44587  0.34495
1434400574.122  0.00293 -0.99341  0.01270 -0.06697  0.44312  0.34495
