1436283066.606 -0.08960 -0.98535  0.06470 -0.001164 -0.012799 -0.001164
1436283066.625 -0.08960 -0.98828  0.05908 -0.001164 -0.010472 0.001164
1436283066.645 -0.09058 -0.98828  0.06616 -0.002327 -0.013962 0.000000
1436283066.665 -0.09180 -0.98291  0.06396 -0.003491 -0.016289 -0.002327
1436283066.685 -0.09814 -0.98267  0.06274 -0.000000 -0.018616 -0.001164
1436283066.705 -0.08862 -0.98364  0.06323 0.002327 -0.016289 -0.002327
1436283066.725 -0.09131 -0.98486  0.06274 -0.000000 -0.016289 -0.003491
1436283066.745 -0.09229 -0.98267  0.06128 -0.003491 -0.016289 -0.002327
1436283066.765 -0.09033 -0.98218  0.06396 0.003491 -0.015126 -0.003491
1436283066.785 -0.08984 -0.98242  0.06274 -0.003491 -0.015126 0.000000
1436283066.805 -0.09082 -0.98193  0.06299 -0.002327 -0.012799 -0.008145
1436283066.825 -0.09326 -0.98779  0.06372 -0.003491 -0.013962 -0.002327
1436283066.845 -0.09424 -0.98096  0.06323 -0.004654 -0.015126 -0.004654
1436283066.865 -0.09229 -0.98584  0.06323 -0.003491 -0.013962 -0.006981
1436283066.885 -0.08960 -0.98120  0.06616 -0.001164 -0.011635 -0.003491
1436283066.905 -0.09082 -0.97925  0.06445 -0.001164 -0.011635 -0.003491
1436283066.925 -0.09375 -0.98682  0.06323 -0.004654 -0.011635 -0.001164
1436283066.945 -0.09424 -0.98096  0.06543 -0.005818 -0.012799 -0.002327
1436283066.965 -0.09058 -0.98779  0.06543 -0.006981 -0.015126 0.000000
1436283066.985 -0.09277 -0.98315  0.06519 -0.003491 -0.009308 -0.002327
1436283067.005 -0.09229 -0.98267  0.06128 0.002327 -0.013962 0.000000
1436283067.025 -0.08887 -0.98730  0.06396 -0.000000 -0.015126 -0.002327
1436283067.045 -0.09204 -0.98584  0.06641 -0.000000 -0.016289 0.001164
1436283067.065 -0.09009 -0.98730  0.06470 -0.001164 -0.010472 -0.003491
1436283067.085 -0.09131 -0.98584  0.06323 -0.004654 -0.016289 -0.003491
1436283067.105 -0.09058 -0.98682  0.06323 -0.003491 -0.010472 -0.003491
1436283067.125 -0.09229 -0.98267  0.05713 -0.001164 -0.013962 -0.002327
1436283067.145 -0.09106 -0.98193  0.05933 -0.003491 -0.013962 -0.004654
1436283067.165 -0.08765 -0.98291  0.06396 -0.000000 -0.011635 -0.001164
1436283067.185 -0.09375 -0.98926  0.06274 -0.001164 -0.013962 -0.001164
1436283067.205 -0.08984 -0.98193  0.05859 -0.004654 -0.013962 -0.006981
1436283067.225 -0.09180 -0.98804  0.06567 -0.004654 -0.015126 -0.001164
1436283067.245 -0.09375 -0.98291  0.06421 -0.001164 -0.013962 -0.004654
1436283067.265 -0.09009 -0.98364  0.06543 -0.005818 -0.017453 0.000000
1436283067.285 -0.08936 -0.98389  0.05835 -0.003491 -0.017453 -0.003491
1436283067.305 -0.09375 -0.98779  0.06274 -0.004654 -0.016289 0.000000
1436283067.325 -0.09229 -0.98315  0.06396 -0.000000 -0.012799 -0.002327
1436283067.345 -0.09424 -0.98462  0.06201 -0.000000 -0.015126 -0.004654
1436283067.365 -0.09326 -0.98975  0.06372 -0.003491 -0.011635 0.000000
1436283067.385 -0.09277 -0.98364  0.06616 -0.005818 -0.012799 -0.004654
1436283067.405 -0.09131 -0.98633  0.06177 -0.002327 -0.011635 -0.003491
1436283067.425 -0.09204 -0.98364  0.06104 -0.002327 -0.013962 -0.003491
1436283067.445 -0.09082 -0.98389  0.06421 -0.002327 -0.015126 -0.002327
1436283067.465 -0.09326 -0.98462  0.06323 -0.005818 -0.013962 -0.002327
1436283067.485 -0.09277 -0.98242  0.06177 -0.003491 -0.016289 -0.005818
1436283067.505 -0.09009 -0.98218  0.06494 -0.001164 -0.016289 -0.004654
1436283067.525 -0.09253 -0.98462  0.06348 -0.003491 -0.015126 -0.003491
1436283067.545 -0.09229 -0.98486  0.06396 -0.003491 -0.015126 -0.001164
1436283067.565 -0.09277 -0.98169  0.06543 -0.001164 -0.013962 -0.002327
1436283067.585 -0.09082 -0.98535  0.06519 0.001164 -0.011635 0.000000
1436283067.605 -0.09180 -0.98779  0.06323 0.001164 -0.017453 -0.005818
1436283067.625 -0.09229 -0.98047  0.06299 -0.005818 -0.012799 -0.003491
1436283067.645 -0.09106 -0.98730  0.06396 -0.003491 -0.011635 0.000000
1436283067.665 -0.09326 -0.98511  0.06323 -0.005818 -0.011635 -0.004654
1436283067.685 -0.09082 -0.98413  0.06274 -0.000000 -0.013962 -0.001164
1436283067.705 -0.09106 -0.98584  0.06348 -0.004654 -0.015126 -0.002327
1436283067.725 -0.09009 -0.98340  0.06128 -0.001164 -0.017453 0.001164
1436283067.745 -0.09424 -0.98413  0.06372 0.001164 -0.013962 -0.004654
1436283067.765 -0.09326 -0.98267  0.06494 -0.005818 -0.016289 -0.004654
1436283067.785 -0.09497 -0.97876  0.06323 -0.001164 -0.013962 -0.003491
1436283067.805 -0.09082 -0.98413  0.05835 -0.002327 -0.015126 -0.002327
1436283067.825 -0.09229 -0.97998  0.06030 -0.002327 -0.013962 0.000000
1436283067.845 -0.08984 -0.98169  0.06567 -0.003491 -0.013962 -0.003491
1436283067.865 -0.09131 -0.98315  0.05566 -0.003491 -0.010472 0.000000
1436283067.885 -0.09277 -0.98291  0.06665 -0.005818 -0.015126 -0.002327
1436283067.905 -0.09351 -0.98413  0.06177 -0.002327 -0.017453 -0.003491
1436283067.925 -0.09082 -0.98267  0.06396 -0.002327 -0.013962 -0.002327
1436283067.945 -0.09082 -0.98120  0.06323 -0.005818 -0.015126 -0.002327
1436283067.965 -0.09131 -0.98682  0.06445 -0.004654 -0.013962 -0.001164
1436283067.985 -0.09424 -0.98315  0.06079 -0.003491 -0.016289 0.000000
1436283068.005 -0.09253 -0.98682  0.05859 -0.001164 -0.016289 -0.004654
1436283068.025 -0.08936 -0.98486  0.06250 -0.004654 -0.015126 -0.001164
1436283068.045 -0.09082 -0.98291  0.06348 -0.004654 -0.017453 -0.002327
1436283068.065 -0.09375 -0.98364  0.06030 -0.002327 -0.013962 -0.002327
1436283068.085 -0.09180 -0.98291  0.06055 -0.002327 -0.013962 -0.004654
1436283068.105 -0.09155 -0.98511  0.06030 -0.004654 -0.015126 -0.001164
1436283068.125 -0.09424 -0.98096  0.05884 -0.002327 -0.017453 -0.003491
1436283068.145 -0.09229 -0.98145  0.06445 -0.003491 -0.013962 -0.002327
1436283068.165 -0.09326 -0.98169  0.06519 -0.002327 -0.011635 -0.002327
1436283068.185 -0.08960 -0.97925  0.05957 -0.000000 -0.013962 -0.001164
1436283068.205 -0.08740 -0.98511  0.06152 -0.001164 -0.018616 -0.005818
1436283068.225 -0.09131 -0.98218  0.06445 -0.002327 -0.013962 -0.004654
1436283068.245 -0.09424 -0.98706  0.06177 -0.001164 -0.018616 -0.002327
1436283068.265 -0.09521 -0.98145  0.06665 -0.003491 -0.017453 -0.003491
1436283068.285 -0.09229 -0.98657  0.06177 -0.004654 -0.015126 -0.002327
1436283068.305 -0.09204 -0.98218  0.06201 -0.002327 -0.016289 -0.001164
1436283068.325 -0.09229 -0.98169  0.06152 -0.002327 -0.015126 -0.003491
1436283068.345 -0.09009 -0.97876  0.06372 -0.003491 -0.017453 0.000000
1436283068.365 -0.09326 -0.98730  0.06348 -0.004654 -0.016289 -0.002327
1436283068.385 -0.09082 -0.98071  0.06104 -0.002327 -0.017453 -0.001164
1436283068.405 -0.09375 -0.97876  0.06250 -0.001164 -0.010472 -0.002327
1436283068.425 -0.09570 -0.98877  0.06396 -0.004654 -0.012799 -0.003491
1436283068.445 -0.09277 -0.98364  0.06104 -0.003491 -0.012799 -0.002327
1436283068.465 -0.09058 -0.98779  0.06226 -0.002327 -0.017453 -0.005818
1436283068.485 -0.09180 -0.98096  0.05981 -0.000000 -0.015126 -0.003491
1436283068.505 -0.09229 -0.98682  0.06348 -0.001164 -0.015126 -0.003491
1436283068.525 -0.08984 -0.98413  0.06348 -0.003491 -0.013962 -0.001164
1436283068.545 -0.09302 -0.98364  0.06445 -0.002327 -0.013962 -0.002327
1436283068.565 -0.09229 -0.98462  0.06201 -0.004654 -0.018616 -0.004654
1436283068.585 -0.09082 -0.98462  0.06470 -0.000000 -0.015126 -0.002327
1436283068.605 -0.09424 -0.98682  0.06445 -0.006981 -0.015126 -0.004654
1436283068.625 -0.09082 -0.98730  0.06250 -0.004654 -0.012799 -0.003491
1436283068.645 -0.09058 -0.98315  0.06079 -0.002327 -0.012799 -0.002327
1436283068.665 -0.09277 -0.98047  0.06079 -0.000000 -0.013962 0.000000
1436283068.685 -0.09277 -0.98096  0.06201 -0.002327 -0.017453 -0.001164
1436283068.705 -0.09106 -0.98877  0.06201 -0.005818 -0.016289 -0.003491
1436283068.725 -0.09106 -0.98120  0.06543 -0.002327 -0.015126 0.000000
1436283068.745 -0.09375 -0.98511  0.06323 -0.003491 -0.015126 0.000000
1436283068.765 -0.09521 -0.98462  0.06177 -0.001164 -0.017453 -0.001164
1436283068.785 -0.09082 -0.98267  0.06274 0.001164 -0.010472 -0.002327
1436283068.805 -0.09082 -0.98633  0.06348 -0.003491 -0.013962 -0.008145
1436283068.825 -0.09131 -0.98779  0.06372 0.002327 -0.012799 -0.003491
1436283068.845 -0.09229 -0.98218  0.06689 -0.000000 -0.018616 -0.003491
1436283068.865 -0.09155 -0.98315  0.05957 -0.001164 -0.012799 -0.002327
1436283068.885 -0.09180 -0.98047  0.05933 -0.005818 -0.017453 -0.003491
1436283068.905 -0.09375 -0.98096  0.06323 -0.003491 -0.012799 -0.002327
1436283068.925 -0.09326 -0.97949  0.06152 -0.000000 -0.015126 -0.001164
1436283068.945 -0.09473 -0.98926  0.05688 -0.003491 -0.012799 -0.002327
1436283068.965 -0.08936 -0.98462  0.06543 -0.002327 -0.011635 -0.003491
1436283068.985 -0.09106 -0.98682  0.06055 -0.002327 -0.015126 -0.004654
1436283069.005 -0.09180 -0.98315  0.06250 -0.002327 -0.012799 -0.005818
1436283069.025 -0.08911 -0.98633  0.06348 -0.000000 -0.013962 -0.003491
1436283069.045 -0.09106 -0.98682  0.06226 -0.003491 -0.013962 -0.004654
1436283069.065 -0.09180 -0.98682  0.05737 -0.005818 -0.012799 -0.003491
1436283069.085 -0.09277 -0.98486  0.06494 -0.000000 -0.013962 -0.003491
1436283069.105 -0.09180 -0.97925  0.06030 -0.003491 -0.011635 -0.001164
1436283069.125 -0.09082 -0.98047  0.06348 -0.002327 -0.013962 -0.002327
1436283069.145 -0.08911 -0.97876  0.06250 -0.005818 -0.013962 -0.002327
1436283069.165 -0.08984 -0.98608  0.06348 -0.004654 -0.018616 -0.003491
1436283069.185 -0.09131 -0.98267  0.05957 -0.005818 -0.013962 -0.003491
1436283069.205 -0.09375 -0.98389  0.06396 -0.002327 -0.015126 -0.001164
1436283069.225 -0.09326 -0.98071  0.06348 -0.003491 -0.012799 -0.002327
1436283069.245 -0.09229 -0.98560  0.06445 -0.004654 -0.012799 -0.004654
1436283069.265 -0.09326 -0.98145  0.06665 -0.004654 -0.016289 -0.002327
1436283069.285 -0.09155 -0.98975  0.06470 -0.000000 -0.011635 -0.002327
1436283069.305 -0.09424 -0.98413  0.06006 -0.005818 -0.017453 -0.001164
1436283069.325 -0.08960 -0.98828  0.06128 -0.001164 -0.015126 -0.004654
1436283069.345 -0.09180 -0.98071  0.06323 -0.004654 -0.009308 -0.005818
1436283069.365 -0.09131 -0.98193  0.06128 -0.001164 -0.015126 -0.002327
1436283069.385 -0.09082 -0.98926  0.06152 -0.003491 -0.019780 -0.001164
1436283069.405 -0.09082 -0.98682  0.06055 -0.001164 -0.011635 -0.001164
1436283069.425 -0.09058 -0.98218  0.05811 -0.001164 -0.012799 -0.002327
1436283069.445 -0.09131 -0.98511  0.06250 -0.000000 -0.015126 -0.004654
1436283069.465 -0.09326 -0.98804  0.06323 -0.000000 -0.013962 -0.002327
1436283069.485 -0.09424 -0.98462  0.05957 -0.004654 -0.016289 -0.001164
1436283069.505 -0.09204 -0.98584  0.06177 -0.004654 -0.013962 -0.006981
1436283069.525 -0.09277 -0.98560  0.06250 -0.001164 -0.011635 -0.001164
1436283069.545 -0.09277 -0.98535  0.06226 -0.000000 -0.013962 -0.001164
1436283069.565 -0.09521 -0.98462  0.06055 -0.003491 -0.013962 -0.003491
1436283069.585 -0.09229 -0.98438  0.06543 -0.000000 -0.013962 -0.006981
1436283069.605 -0.09277 -0.98975  0.06226 -0.003491 -0.013962 -0.006981
1436283069.625 -0.08911 -0.98560  0.06348 -0.004654 -0.011635 -0.008145
1436283069.645 -0.09180 -0.98633  0.06372 -0.002327 -0.017453 -0.004654
1436283069.665 -0.09375 -0.98462  0.06128 -0.003491 -0.013962 -0.001164
1436283069.685 -0.08960 -0.98486  0.06201 -0.003491 -0.012799 -0.004654
1436283069.705 -0.09229 -0.98315  0.06396 -0.002327 -0.013962 -0.005818
1436283069.725 -0.09180 -0.98779  0.06348 0.001164 -0.012799 -0.001164
1436283069.745 -0.09155 -0.98413  0.05957 -0.001164 -0.013962 -0.004654
1436283069.765 -0.09180 -0.98779  0.06396 -0.003491 -0.013962 -0.002327
1436283069.785 -0.09106 -0.98779  0.06177 -0.003491 -0.019780 -0.001164
1436283069.805 -0.09375 -0.98291  0.06445 -0.002327 -0.016289 -0.002327
1436283069.825 -0.09473 -0.98535  0.06079 -0.003491 -0.015126 -0.005818
1436283069.845 -0.09058 -0.98535  0.06152 -0.002327 -0.009308 -0.003491
1436283069.865 -0.09473 -0.97705  0.06201 -0.004654 -0.015126 -0.001164
1436283069.885 -0.09180 -0.98389  0.06079 -0.003491 -0.015126 0.000000
1436283069.905 -0.09180 -0.98413  0.06348 -0.001164 -0.012799 -0.004654
1436283069.925 -0.09277 -0.98413  0.06006 -0.001164 -0.013962 -0.005818
1436283069.945 -0.09106 -0.98413  0.06104 -0.001164 -0.010472 -0.003491
1436283069.965 -0.09082 -0.98315  0.06421 -0.001164 -0.016289 0.000000
1436283069.985 -0.08984 -0.98413  0.06128 -0.002327 -0.013962 -0.002327
1436283070.005 -0.09229 -0.98267  0.06226 -0.003491 -0.013962 -0.004654
1436283070.025 -0.09180 -0.98608  0.06299 0.003491 -0.013962 -0.001164
1436283070.045 -0.09326 -0.98169  0.06616 -0.000000 -0.012799 0.000000
1436283070.065 -0.09180 -0.98633  0.05957 -0.004654 -0.012799 -0.002327
1436283070.085 -0.09375 -0.98730  0.06177 -0.004654 -0.012799 -0.003491
1436283070.105 -0.09009 -0.98267  0.06177 -0.001164 -0.015126 0.000000
1436283070.125 -0.09497 -0.98584  0.06128 -0.006981 -0.016289 -0.003491
1436283070.145 -0.09106 -0.97900  0.06519 -0.002327 -0.012799 -0.004654
1436283070.165 -0.09131 -0.98462  0.06348 -0.002327 -0.015126 -0.003491
1436283070.185 -0.09375 -0.98584  0.06445 -0.003491 -0.013962 -0.002327
1436283070.205 -0.08838 -0.98315  0.06104 -0.003491 -0.011635 -0.002327
1436283070.225 -0.09082 -0.98291  0.06250 -0.005818 -0.012799 -0.004654
1436283070.245 -0.09155 -0.98975  0.06445 -0.008145 -0.016289 -0.003491
1436283070.265 -0.09326 -0.98511  0.06372 -0.003491 -0.011635 -0.003491
1436283070.285 -0.09570 -0.98340  0.06128 -0.000000 -0.012799 -0.004654
1436283070.305 -0.09473 -0.98486  0.06689 0.001164 -0.012799 -0.006981
1436283070.325 -0.09229 -0.98779  0.06201 0.001164 -0.011635 -0.001164
1436283070.345 -0.09229 -0.98633  0.06274 -0.003491 -0.015126 -0.004654
1436283070.365 -0.09229 -0.98608  0.06299 -0.003491 -0.010472 -0.005818
1436283070.385 -0.09277 -0.97900  0.05762 -0.004654 -0.010472 -0.003491
1436283070.405 -0.09277 -0.98462  0.06323 -0.002327 -0.013962 -0.003491
1436283070.425 -0.09521 -0.98730  0.06299 -0.004654 -0.013962 -0.005818
1436283070.445 -0.08936 -0.98120  0.06445 -0.000000 -0.013962 -0.001164
1436283070.465 -0.09302 -0.98169  0.06445 -0.000000 -0.015126 -0.004654
1436283070.485 -0.09106 -0.98657  0.06226 -0.004654 -0.013962 -0.002327
1436283070.505 -0.09131 -0.98584  0.06348 -0.006981 -0.012799 -0.002327
1436283070.525 -0.09131 -0.98779  0.06396 -0.003491 -0.015126 -0.001164
1436283070.545 -0.09326 -0.98511  0.05762 -0.003491 -0.010472 -0.004654
1436283070.565 -0.08813 -0.98315  0.06396 -0.001164 -0.013962 -0.002327
1436283070.585 -0.08960 -0.98730  0.06079 -0.002327 -0.011635 -0.004654
1436283070.605 -0.09033 -0.98584  0.06519 -0.002327 -0.016289 -0.002327
1436283070.625 -0.08984 -0.98413  0.06274 -0.006981 -0.015126 0.000000
1436283070.645 -0.09131 -0.98730  0.06299 -0.002327 -0.010472 -0.002327
1436283070.665 -0.09277 -0.98633  0.06177 -0.000000 -0.015126 -0.002327
1436283070.685 -0.09033 -0.98413  0.06128 -0.003491 -0.015126 -0.001164
1436283070.705 -0.09180 -0.98218  0.06128 -0.004654 -0.016289 -0.001164
1436283070.725 -0.09375 -0.98364  0.06372 -0.003491 -0.013962 -0.001164
1436283070.745 -0.09473 -0.98438  0.06567 -0.003491 -0.015126 -0.001164
1436283070.765 -0.09155 -0.98193  0.06226 -0.005818 -0.013962 0.001164
1436283070.785 -0.09375 -0.98950  0.06250 -0.005818 -0.015126 -0.003491
1436283070.805 -0.09253 -0.98340  0.06323 -0.003491 -0.012799 -0.005818
1436283070.825 -0.09106 -0.98218  0.06226 -0.004654 -0.016289 0.000000
1436283070.845 -0.09106 -0.98584  0.06372 -0.003491 -0.013962 -0.002327
1436283070.865 -0.09131 -0.97876  0.06372 -0.003491 -0.012799 -0.002327
1436283070.885 -0.09058 -0.99048  0.06250 0.001164 -0.017453 -0.002327
1436283070.905 -0.08862 -0.98682  0.06152 -0.002327 -0.012799 -0.003491
1436283070.925 -0.09375 -0.98340  0.06372 0.001164 -0.010472 0.001164
1436283070.945 -0.09082 -0.98169  0.06445 -0.003491 -0.013962 0.001164
1436283070.965 -0.09082 -0.98657  0.06445 -0.003491 -0.011635 -0.005818
1436283070.985 -0.09326 -0.98511  0.06104 -0.004654 -0.013962 -0.001164
1436283071.005 -0.08936 -0.98633  0.06152 -0.000000 -0.011635 -0.003491
1436283071.025 -0.08960 -0.98511  0.06470 -0.001164 -0.018616 -0.004654
1436283071.045 -0.08862 -0.98267  0.06396 -0.003491 -0.017453 -0.003491
1436283071.065 -0.09180 -0.98633  0.06323 -0.001164 -0.016289 -0.002327
1436283071.085 -0.09082 -0.98779  0.06421 -0.001164 -0.015126 -0.002327
1436283071.105 -0.09033 -0.98535  0.06396 -0.002327 -0.013962 -0.004654
1436283071.125 -0.09155 -0.98657  0.06177 -0.001164 -0.013962 -0.002327
1436283071.145 -0.09082 -0.98584  0.06201 -0.000000 -0.012799 -0.001164
1436283071.165 -0.09277 -0.98462  0.06274 -0.005818 -0.013962 -0.001164
1436283071.185 -0.09131 -0.97998  0.06396 0.001164 -0.017453 -0.001164
1436283071.205 -0.09277 -0.98560  0.06470 -0.001164 -0.013962 -0.001164
1436283071.225 -0.09521 -0.98218  0.06494 -0.001164 -0.012799 -0.001164
1436283071.245 -0.09106 -0.98584  0.06421 -0.005818 -0.013962 0.001164
1436283071.265 -0.08887 -0.98730  0.06299 -0.004654 -0.010472 -0.004654
1436283071.285 -0.09155 -0.98730  0.06519 -0.000000 -0.012799 -0.001164
1436283071.305 -0.09326 -0.98267  0.06006 -0.004654 -0.012799 -0.001164
1436283071.325 -0.09326 -0.98730  0.06152 -0.001164 -0.016289 -0.006981
1436283071.345 -0.08911 -0.98413  0.06665 -0.002327 -0.013962 -0.003491
1436283071.365 -0.09277 -0.98291  0.06445 0.001164 -0.015126 -0.003491
1436283071.385 -0.09277 -0.98535  0.06201 -0.000000 -0.017453 -0.003491
1436283071.405 -0.08911 -0.98584  0.06128 -0.005818 -0.015126 -0.004654
1436283071.425 -0.08984 -0.98267  0.06396 -0.000000 -0.016289 -0.004654
1436283071.445 -0.09180 -0.98193  0.05908 0.002327 -0.015126 -0.003491
1436283071.465 -0.09229 -0.98779  0.06567 -0.003491 -0.013962 -0.002327
1436283071.485 -0.09521 -0.98193  0.06421 -0.002327 -0.012799 -0.001164
1436283071.505 -0.08862 -0.98145  0.06641 0.002327 -0.012799 -0.003491
1436283071.525 -0.08862 -0.98413  0.05713 -0.000000 -0.012799 -0.003491
1436283071.545 -0.09106 -0.97925  0.06543 0.001164 -0.015126 -0.004654
1436283071.565 -0.09277 -0.98291  0.06372 0.001164 -0.011635 -0.003491
1436283071.585 -0.09375 -0.98535  0.05859 -0.000000 -0.016289 -0.001164
1436283071.605 -0.08887 -0.98438  0.06079 -0.002327 -0.012799 -0.003491
1436283071.625 -0.09180 -0.98584  0.06372 -0.001164 -0.011635 0.000000
1436283071.645 -0.09106 -0.98218  0.06030 -0.001164 -0.015126 -0.004654
1436283071.665 -0.09033 -0.98267  0.05908 -0.003491 -0.016289 -0.003491
1436283071.685 -0.09229 -0.98364  0.06226 0.001164 -0.013962 -0.003491
1436283071.705 -0.09082 -0.98291  0.06152 -0.004654 -0.017453 -0.005818
1436283071.725 -0.09424 -0.98315  0.06543 -0.004654 -0.017453 -0.005818
1436283071.745 -0.09473 -0.98364  0.06274 -0.002327 -0.012799 -0.004654
1436283071.765 -0.09277 -0.97949  0.06445 -0.003491 -0.017453 0.000000
1436283071.785 -0.09204 -0.97974  0.06470 -0.003491 -0.016289 -0.004654
1436283071.805 -0.09229 -0.98877  0.06006 -0.002327 -0.011635 -0.003491
1436283071.825 -0.09326 -0.98730  0.06396 -0.003491 -0.011635 -0.004654
1436283071.845 -0.08838 -0.98462  0.05981 0.002327 -0.010472 -0.002327
1436283071.865 -0.09253 -0.98828  0.06226 -0.002327 -0.012799 -0.001164
1436283071.885 -0.09131 -0.98120  0.05981 -0.001164 -0.015126 -0.004654
1436283071.905 -0.09082 -0.98218  0.06323 -0.001164 -0.012799 -0.002327
1436283071.925 -0.09277 -0.98242  0.06226 0.001164 -0.015126 -0.001164
1436283071.945 -0.09229 -0.98633  0.06396 -0.002327 -0.015126 -0.005818
1436283071.965 -0.08911 -0.98462  0.06372 -0.003491 -0.015126 -0.002327
1436283071.985 -0.09302 -0.98218  0.06250 -0.002327 -0.011635 -0.005818
1436283072.005 -0.09424 -0.98267  0.06323 -0.003491 -0.011635 -0.002327
