1440530968.636  0.02661 -0.98926 -0.02905 -0.01862 -0.01513  0.02909
1440530968.656 -0.01416 -0.98779  0.04785 -0.08610 -0.01280  0.02094
1440530968.676  0.02148 -1.00317 -0.01294 -0.18965 -0.00814  0.02211
1440530968.696 -0.01758 -0.99048 -0.06445 -0.14079 -0.00233 -0.00465
1440530968.716  0.03394 -0.98682 -0.06934  0.01862 -0.01513 -0.01280
1440530968.736  0.03052 -0.98633 -0.08667  0.16406 -0.02443  0.05934
1440530968.756 -0.02344 -0.99390  0.01416  0.22223 -0.02676  0.03258
1440530968.776 -0.00024 -0.99805 -0.00879  0.16638 -0.01978 -0.01862
1440530968.796  0.00879 -0.99243  0.01343  0.18384 -0.02560  0.01047
1440530968.816 -0.01733 -0.98608  0.03687  0.05701 -0.01978  0.01513
1440530968.836  0.00586 -0.99390  0.00684 -0.04305 -0.00931 -0.03025
1440530968.856  0.00439 -0.99390 -0.05371 -0.02211 -0.00698 -0.02676
1440530968.876  0.03467 -0.99438 -0.03735  0.17104 -0.01513  0.01396
1440530968.896  0.01831 -0.99268 -0.02686  0.27808 -0.01396  0.11635
1440530968.916 -0.02271 -0.99976  0.07227  0.20478 -0.01862  0.06050
1440530968.936 -0.08789 -0.99341 -0.01880 -0.07214 -0.01280 -0.14079
1440530968.956  0.10767 -1.00952  0.08374  0.07912 -0.01862  0.06865
1440530968.976 -0.08521 -0.98486 -0.01782  0.01164 -0.01280 -0.05934
1440530968.996  0.07056 -0.98975  0.01660 -0.00582 -0.01513  0.02443
1440530969.016 -0.05054 -0.98877  0.03955  0.04072 -0.01629 -0.03491
1440530969.036  0.04443 -0.98975 -0.03906 -0.01629 -0.00465  0.00116
1440530969.056 -0.02393 -0.98584  0.05493  0.01047 -0.01513 -0.02443
1440530969.076  0.02148 -0.98096 -0.03174  0.01164 -0.01745 -0.00233
1440530969.096 -0.00488 -0.98657  0.02979 -0.00116 -0.01396 -0.01164
1440530969.116  0.00977 -0.98779 -0.00586  0.01280 -0.01629 -0.00814
1440530969.136  0.00586 -0.99023  0.00684 -0.00116 -0.01513 -0.00931
1440530969.156 -0.00098 -0.98511  0.01074  0.00814 -0.01164 -0.00582
1440530969.176  0.01172 -0.98828  0.00439  0.00465 -0.01280 -0.01629
1440530969.196 -0.01025 -0.98853  0.00659 -0.00465 -0.01396 -0.00349
1440530969.216  0.01660 -0.98389  0.00635  0.00698 -0.01280 -0.01280
1440530969.236 -0.01147 -0.98535  0.00342 -0.00233 -0.01280 -0.00582
1440530969.256  0.01611 -0.99268  0.01318  0.00582 -0.01513 -0.01513
1440530969.276 -0.00488 -0.98828  0.00439  0.00233 -0.01513 -0.00116
1440530969.296  0.01172 -0.98926  0.00781 -0.00233 -0.01164 -0.01513
1440530969.316 -0.00537 -0.98975  0.00537  0.00233 -0.01513 -0.00582
1440530969.336  0.00391 -0.99121  0.00781 -0.00116 -0.01629 -0.01280
1440530969.356 -0.00342 -0.98853  0.00879  0.00465 -0.00931 -0.00465
1440530969.376  0.00830 -0.98730  0.00879 -0.00000 -0.01047 -0.01745
1440530969.396  0.00098 -0.98706  0.01147 -0.00000 -0.01629 -0.00582
1440530969.416  0.00439 -0.98926  0.00488 -0.00116 -0.01047 -0.01047
1440530969.436  0.00415 -0.98828  0.00391  0.00116 -0.01280 -0.00698
1440530969.456  0.00269 -0.98633  0.01001 -0.00349 -0.01164 -0.01164
1440530969.476  0.00073 -0.99487  0.00879 -0.00116 -0.01164 -0.00931
1440530969.496  0.00073 -0.99487  0.00952 -0.00000 -0.01513 -0.00698
1440530969.516  0.00122 -0.98975  0.00781 -0.00349 -0.01513 -0.01047
1440530969.536  0.00122 -0.99341  0.00391 -0.00116 -0.01629 -0.00931
1440530969.556  0.00269 -0.98975  0.00464  0.00116 -0.01513 -0.01164
1440530969.576  0.00391 -0.99121  0.00781  0.00233 -0.01629 -0.00582
1440530969.596  0.00269 -0.99194  0.00879  0.00116 -0.01396 -0.01164
1440530969.616  0.00269 -0.98462  0.00732  0.00233 -0.01513 -0.00931
1440530969.636  0.00098 -0.99438  0.00928 -0.00233 -0.01280 -0.00814
1440530969.656  0.00317 -0.98730  0.00879 -0.00233 -0.01396 -0.00814
1440530969.676  0.00122 -0.98975  0.01147 -0.00233 -0.01280 -0.01047
1440530969.696  0.00366 -0.99072  0.00879 -0.00582 -0.01629 -0.01280
1440530969.716  0.00220 -0.98584  0.00830 -0.00233 -0.01396 -0.01047
1440530969.736  0.00000 -0.98633  0.01196 -0.00582 -0.01164 -0.01047
1440530969.756  0.00415 -0.98877 -0.00220  0.02560 -0.01164 -0.00233
1440530969.776 -0.00049 -0.99023  0.03516  0.00465 -0.01396 -0.00349
1440530969.796  0.00464 -0.99292 -0.00000 -0.00814 -0.01280 -0.01978
1440530969.816  0.00098 -0.99023  0.02100 -0.00000 -0.01280 -0.00116
1440530969.836  0.00098 -0.98828  0.01123 -0.00931 -0.00698 -0.02094
1440530969.856  0.00610 -0.97827  0.01392 -0.00582 -0.01862 -0.00349
1440530969.876  0.00220 -0.98486  0.02124  0.00931 -0.01396 -0.01047
1440530969.896 -0.00171 -0.98535 -0.03369 -0.05003 -0.01047 -0.01164
1440530969.916  0.01147 -1.00757  0.00049  0.03258  0.00814 -0.00349
1440530969.936 -0.02295 -1.00488 -0.06934 -0.08610  0.00000 -0.01396
1440530969.956  0.01343 -0.99609 -0.00220  0.03491 -0.02909 -0.00582
1440530969.976 -0.02295 -0.99243 -0.01953 -0.05352 -0.01164 -0.00582
1440530969.996  0.02637 -0.99072  0.00098  0.02327 -0.00349 -0.00698
1440530970.016 -0.01953 -0.98511 -0.00391 -0.03142 -0.03025 -0.00116
1440530970.036  0.02637 -0.99292  0.00757  0.00814 -0.01978 -0.01396
1440530970.056 -0.01196 -0.98926  0.01807 -0.01396  0.00000 -0.00116
1440530970.076  0.01147 -0.98560 -0.00366 -0.00814 -0.01629 -0.01629
1440530970.096  0.00000 -0.98779  0.01953  0.00698 -0.01745 -0.00814
1440530970.116  0.00342 -0.99536 -0.00220 -0.01164 -0.00349 -0.01164
1440530970.136 -0.00171 -0.99023  0.00317  0.00465 -0.01047 -0.01047
1440530970.156  0.00171 -0.99072 -0.00195 -0.00698 -0.01396 -0.01164
1440530970.176 -0.00269 -0.97925  0.02637  0.00233  0.03142 -0.05934
1440530970.196  0.00684 -0.98047  0.00244 -0.02909  0.01513  0.03723
1440530970.216  0.00708 -0.98535  0.02856  0.02792 -0.02094 -0.03142
1440530970.236 -0.01978 -0.99219 -0.02124  0.04421 -0.05469 -0.02792
1440530970.256  0.03174 -0.98926  0.01904  0.00931 -0.03840 -0.01978
1440530970.276  0.01294 -0.99609  0.02588 -0.01396 -0.00814  0.04072
1440530970.296 -0.06885 -0.99390  0.05298  0.06167 -0.05119 -0.02909
1440530970.316  0.08521 -0.99634  0.04419  0.00465  0.01745 -0.00349
1440530970.336 -0.06177 -1.00879 -0.00488  0.05119  0.00116  0.01280
1440530970.356  0.03467 -0.99438  0.00366 -0.04654  0.00116 -0.03491
1440530970.376 -0.02100 -0.98926  0.02393  0.03840 -0.01513 -0.00698
1440530970.396  0.01953 -0.99292 -0.01562 -0.02327 -0.00931 -0.01396
1440530970.416  0.00220 -0.98218  0.03198  0.01745 -0.01862 -0.00814
1440530970.436  0.00415 -0.99072 -0.00415 -0.00000 -0.01047 -0.00233
1440530970.456  0.00220 -0.99121  0.01636 -0.00931 -0.01047 -0.00814
1440530970.476 -0.00098 -0.98975  0.01099  0.00698 -0.01745 -0.01047
1440530970.496  0.01367 -0.98730  0.00830 -0.01629 -0.01164 -0.01862
1440530970.516 -0.00586 -0.98828  0.02344  0.00931 -0.00931  0.00000
1440530970.536  0.00903 -0.99121  0.00220 -0.01164 -0.01164 -0.01513
1440530970.556 -0.00293 -0.98926  0.01611  0.00349 -0.01280  0.00000
1440530970.576  0.00977 -0.99146  0.00464 -0.00814 -0.01280 -0.01978
1440530970.596 -0.00098 -0.98779  0.01099 -0.00116 -0.01280  0.00233
1440530970.616  0.01001 -0.98633  0.01074 -0.00698 -0.01513 -0.02211
1440530970.636  0.00024 -0.98535  0.00781 -0.00465 -0.01280  0.00349
1440530970.656  0.00464 -0.99390  0.01099 -0.00233 -0.01280 -0.01978
1440530970.676  0.00391 -0.98682  0.00830 -0.00000 -0.01280 -0.00116
1440530970.696  0.00366 -0.98999  0.01318 -0.00349 -0.01396 -0.01396
1440530970.716  0.00269 -0.99292  0.00928 -0.00233 -0.01396 -0.00349
1440530970.736  0.00049 -0.98877  0.00928 -0.00233 -0.01047 -0.01396
1440530970.756  0.00366 -0.99927  0.00537 -0.00233 -0.01280 -0.00814
1440530970.776  0.00073 -0.99390  0.00830 -0.00233 -0.01280 -0.01047
1440530970.796  0.00171 -0.98877  0.00952 -0.00233 -0.01396 -0.00582
1440530970.816  0.00171 -0.99292  0.00879 -0.00233 -0.01396 -0.00931
1440530970.836  0.00049 -0.98975  0.00879 -0.00349 -0.01396 -0.00931
1440530970.856  0.00293 -0.98999  0.00952 -0.00000 -0.01396 -0.00698
1440530970.876  0.00049 -0.98779  0.01147 -0.00116 -0.01164 -0.01164
1440530970.896  0.00586 -0.98877  0.01074 -0.00000 -0.01164 -0.01047
1440530970.916  0.00391 -0.98779  0.01245 -0.00465 -0.01164 -0.00931
1440530970.936  0.00562 -0.99243  0.00952 -0.00349 -0.01629 -0.01280
1440530970.956  0.00220 -0.98267  0.01172 -0.00698 -0.01047 -0.00814
1440530970.976  0.00464 -0.98877  0.01074 -0.00582 -0.01629 -0.01280
1440530970.996  0.00122 -0.98730  0.00732 -0.00465 -0.01164 -0.01164
1440530971.016  0.00366 -0.98413  0.01050 -0.00233 -0.01745 -0.01047
1440530971.036  0.00366 -0.99072  0.01025 -0.00349 -0.01280 -0.00931
1440530971.056  0.00000 -0.98877  0.00879 -0.00233 -0.01164 -0.01047
1440530971.077  0.00269 -0.98584  0.00830 -0.00465 -0.01396 -0.01047
1440530971.096  0.00049 -0.99292  0.00488 -0.00465 -0.01280 -0.01047
1440530971.116  0.00415 -0.98730  0.00928 -0.00233 -0.01280 -0.00931
1440530971.136  0.00220 -0.98828  0.01172 -0.00698 -0.01745 -0.00931
1440530971.156  0.00439 -0.98511  0.01050 -0.00582 -0.01396 -0.00931
1440530971.176  0.00415 -0.99023  0.00879 -0.00116 -0.00931 -0.01164
1440530971.196  0.00293 -0.99146  0.00781 -0.00116 -0.01513 -0.01280
1440530971.216  0.00171 -0.99268  0.01001 -0.00582 -0.01513 -0.00931
1440530971.236  0.00537 -0.98584  0.01196 -0.00582 -0.01164 -0.01164
1440530971.256  0.00220 -0.99194  0.00732 -0.00233 -0.01280 -0.00814
1440530971.276  0.00342 -0.99097  0.01025 -0.00233 -0.01396 -0.01047
1440530971.296  0.00122 -0.98877  0.01050 -0.00000 -0.01164 -0.00814
1440530971.316  0.00171 -0.99146  0.01172 -0.00465 -0.01047 -0.01047
1440530971.336  0.00195 -0.99219  0.00732 -0.00233 -0.01396 -0.00814
1440530971.356  0.00146 -0.98730  0.00830 -0.00349 -0.01164 -0.00349
1440530971.376  0.00269 -0.99341  0.00830 -0.00233 -0.01280 -0.00931
1440530971.396  0.00171 -0.99023  0.01245 -0.00233 -0.01164 -0.00814
1440530971.416  0.00220 -0.99487  0.01001 -0.00349 -0.01047 -0.01280
1440530971.436  0.00000 -0.99194  0.01245 -0.00582 -0.01280 -0.00931
1440530971.456  0.00244 -0.99390  0.01025 -0.00233 -0.01513 -0.00814
1440530971.476  0.00317 -0.98267  0.01099  0.00233 -0.01280 -0.01396
1440530971.496  0.00488 -0.98706  0.04590 -0.13264 -0.00349 -0.05701
1440530971.516  0.00171 -0.98779 -0.02075 -0.07679 -0.00465 -0.02327
1440530971.536  0.00659 -0.99658 -0.02246 -0.08843 -0.00233 -0.02094
1440530971.556  0.01001 -0.99146 -0.01978  0.10704 -0.02560  0.02094
1440530971.576 -0.00342 -0.99072  0.00342  0.08959 -0.01629  0.00814
1440530971.596  0.00000 -0.99023  0.00977  0.03607 -0.01629  0.00582
1440530971.616 -0.00098 -0.98584  0.02051  0.03258 -0.01745 -0.00349
1440530971.636 -0.00024 -0.99121 -0.01562 -0.01629 -0.00931 -0.00698
1440530971.656 -0.00586 -0.98364  0.01855  0.01396 -0.01862 -0.00698
1440530971.676  0.01123 -0.99438  0.00269 -0.03840 -0.01164 -0.01629
1440530971.696 -0.01196 -0.99536  0.00903 -0.05352 -0.01164 -0.01396
1440530971.716  0.02295 -0.98975 -0.02148 -0.01862 -0.01629 -0.03258
1440530971.736 -0.01270 -0.98413  0.01147  0.01047 -0.00116  0.00233
1440530971.756  0.01440 -0.99023 -0.00098  0.02327 -0.01164 -0.02560
1440530971.776 -0.00098 -0.98828 -0.00342  0.05818 -0.01513  0.01745
1440530971.796  0.01172 -0.97485  0.08496 -0.02211 -0.01513 -0.00116
1440530971.816 -0.00879 -0.99194 -0.04443 -0.00814 -0.01862 -0.01978
1440530971.837  0.01733 -0.98145  0.02783 -0.03142 -0.01280  0.00698
1440530971.856 -0.01123 -0.98535  0.01465  0.00465 -0.01629  0.00814
1440530971.876  0.01831 -0.99829 -0.01245 -0.02909 -0.01280 -0.01513
1440530971.896 -0.01489 -0.98975  0.01050  0.02443 -0.01978  0.01745
1440530971.916 -0.00146 -0.99121  0.01587 -0.01396 -0.00582 -0.05585
1440530971.936  0.01562 -0.99194  0.00244  0.00698 -0.01164 -0.00116
1440530971.956 -0.00098 -0.99023  0.01685 -0.01745 -0.01164 -0.01629
1440530971.976  0.00781 -0.99292  0.01147  0.00465 -0.01629  0.00000
1440530971.996 -0.00073 -0.99023  0.00464 -0.00465 -0.01513 -0.01629
1440530972.016  0.00244 -0.99292  0.00903 -0.01280 -0.01862 -0.00698
1440530972.037  0.00122 -0.99243  0.01367  0.00233 -0.01396 -0.01396
1440530972.056  0.00439 -0.99512  0.00732 -0.01396 -0.00931 -0.01280
1440530972.076  0.00391 -0.98828  0.01636  0.00698 -0.01513 -0.01164
1440530972.096  0.00171 -0.99243  0.00562 -0.01047 -0.01396 -0.01280
1440530972.116  0.00391 -0.98926  0.01318  0.00233 -0.01396 -0.00582
1440530972.136  0.00244 -0.99341  0.00684 -0.00814 -0.01396 -0.01745
1440530972.156  0.00269 -0.98730  0.01318 -0.00000 -0.01280 -0.00116
1440530972.176 -0.00049 -0.98682  0.01123 -0.00582 -0.01047 -0.01513
1440530972.196  0.00317 -0.98730  0.00806 -0.00465 -0.01047 -0.00582
1440530972.216  0.00195 -0.99487  0.01123 -0.00814 -0.01513 -0.01396
1440530972.236  0.00391 -0.98877  0.01050 -0.00116 -0.01396 -0.00698
1440530972.256  0.00317 -0.98730  0.01221 -0.00582 -0.01280 -0.01047
1440530972.276  0.00366 -0.98682  0.00879 -0.00000 -0.01513 -0.00814
1440530972.296  0.00049 -0.99048  0.01099 -0.00116 -0.00931 -0.01164
1440530972.316  0.00269 -0.98926  0.00879 -0.00116 -0.01396 -0.00698
1440530972.336  0.00317 -0.99023  0.00781 -0.00349 -0.01280 -0.01047
1440530972.356  0.00342 -0.98877  0.00732 -0.00349 -0.01164 -0.00349
1440530972.376  0.00269 -0.99512  0.01050 -0.00349 -0.01164 -0.01047
1440530972.396  0.00220 -0.99072  0.00732 -0.00349 -0.01513 -0.00698
1440530972.416  0.00293 -0.98828  0.00928 -0.00349 -0.01396 -0.01164
1440530972.436  0.00195 -0.99219  0.01025 -0.00349 -0.01513 -0.00698
1440530972.456  0.00220 -0.98560  0.00830 -0.00465 -0.01396 -0.01164
1440530972.476  0.00146 -0.99658  0.00928 -0.00349 -0.01164 -0.00931
1440530972.496  0.00122 -0.98853  0.01025 -0.00349 -0.01396 -0.01047
1440530972.516  0.00269 -0.98779  0.00830 -0.00465 -0.01280 -0.01164
1440530972.536 -0.00024 -0.98828  0.01245 -0.00465 -0.01745 -0.00582
1440530972.556  0.00244 -0.98730  0.01196 -0.00233 -0.01280 -0.00698
1440530972.576  0.00171 -0.98877  0.00879 -0.00582 -0.00931 -0.01047
1440530972.597  0.00049 -0.99072  0.01025 -0.00233 -0.01396 -0.01047
1440530972.616  0.00439 -0.98682  0.01099 -0.00582 -0.01745 -0.01164
1440530972.636  0.00415 -0.98926  0.01001 -0.00349 -0.01513 -0.01047
1440530972.656  0.00269 -0.99243  0.00977 -0.00582 -0.01513 -0.01047
1440530972.676  0.00488 -0.98584  0.00928 -0.00233 -0.01629 -0.01280
1440530972.696  0.00537 -0.99268  0.01196 -0.00349 -0.01280 -0.00814
1440530972.716  0.00269 -0.99463  0.00830 -0.00233 -0.01396 -0.00931
1440530972.736  0.00171 -0.98486  0.01123 -0.00233 -0.01164 -0.00931
1440530972.756  0.00537 -0.99292  0.00879 -0.00233 -0.01280 -0.01047
1440530972.777  0.00098 -0.99048  0.00586 -0.00349 -0.01513 -0.00931
1440530972.796  0.00391 -0.98828  0.00732 -0.00465 -0.01280 -0.00814
1440530972.816  0.00415 -0.99072  0.00879 -0.00931 -0.01164 -0.01164
1440530972.836  0.00293 -0.99194  0.00977 -0.00116 -0.01280 -0.01396
1440530972.856  0.00146 -0.98926  0.00854 -0.00349 -0.01280 -0.00814
1440530972.876  0.00244 -0.98828  0.01294 -0.00233 -0.01513 -0.00814
1440530972.896  0.00171 -0.98633  0.00928 -0.00000 -0.01280 -0.01047
1440530972.916  0.00317 -0.98926  0.00977 -0.00233 -0.01280 -0.00814
1440530972.936  0.00073 -0.98975  0.00879 -0.00233 -0.01513 -0.00931
1440530972.956  0.00122 -0.99438  0.01074 -0.00465 -0.00931 -0.00814
1440530972.977  0.00366 -0.98877  0.00928 -0.00582 -0.01629 -0.00931
1440530972.996  0.00293 -0.98584  0.01074 -0.00465 -0.01396 -0.00814
1440530973.016  0.00269 -0.98779  0.01025 -0.00349 -0.01047 -0.00698
1440530973.036  0.00342 -0.99219  0.00928 -0.00233 -0.00814 -0.01280
1440530973.056  0.00220 -0.98315  0.01099 -0.00465 -0.01513 -0.00349
1440530973.076  0.00244 -0.98633  0.01099 -0.00233 -0.01164 -0.01280
1440530973.096  0.00439 -0.99121  0.01050 -0.00349 -0.01629 -0.00931
1440530973.116  0.00220 -0.98926  0.00928 -0.00116 -0.01745 -0.00814
1440530973.136  0.00293 -0.98682  0.01465 -0.00116 -0.01047 -0.01047
1440530973.157  0.00098 -0.99121  0.01172 -0.00349 -0.01164 -0.01047
1440530973.176  0.00220 -0.98315  0.01196 -0.00116 -0.01513 -0.00698
1440530973.196  0.00244 -0.99194  0.01025 -0.00582 -0.01396 -0.00931
1440530973.216  0.00220 -0.98682  0.01074  0.00116 -0.01164 -0.01164
1440530973.236  0.00293 -0.98828  0.00879 -0.00698 -0.01629 -0.01047
1440530973.256  0.00415 -0.98828  0.00830 -0.00582 -0.01629 -0.00698
1440530973.276  0.00146 -0.99048  0.00854 -0.00233 -0.01047 -0.00931
1440530973.296  0.00220 -0.98706  0.01318 -0.00116 -0.01396 -0.00814
1440530973.317  0.00684 -0.99121  0.01074 -0.00349 -0.01164 -0.01164
1440530973.336  0.00562 -0.98413  0.00977 -0.00116 -0.01280 -0.01047
1440530973.356  0.00537 -0.99097  0.00830 -0.00116 -0.01280 -0.01047
1440530973.376  0.00635 -0.99365  0.01172 -0.00349 -0.01280 -0.00814
1440530973.396  0.00342 -0.99121  0.00879 -0.00349 -0.01164 -0.01047
1440530973.416  0.00464 -0.99268  0.01270 -0.00465 -0.01164 -0.00814
1440530973.436  0.00195 -0.99854  0.01099  0.00116 -0.01280 -0.00814
1440530973.456  0.00171 -0.98560  0.00928 -0.00349 -0.01280 -0.00931
1440530973.476  0.00537 -0.99023  0.00830 -0.00000 -0.01280 -0.01047
1440530973.496  0.00244 -0.98608  0.01367 -0.00582 -0.01047 -0.00931
1440530973.516  0.00537 -0.99072  0.01050 -0.00000 -0.01513 -0.00814
1440530973.536  0.00366 -0.99390  0.01001 -0.00465 -0.01745 -0.01047
1440530973.556  0.00195 -0.98828  0.01147 -0.00116 -0.01047 -0.00698
1440530973.576  0.00366 -0.99170  0.01025 -0.00349 -0.01396 -0.01280
1440530973.596  0.00220 -0.98779  0.01001 -0.00233 -0.01164 -0.01047
1440530973.616  0.00488 -0.98682  0.01050 -0.00349 -0.01745 -0.00931
1440530973.636  0.02246 -0.88940  0.04492 -0.00465 -0.01047 -0.00698
1440530973.656  0.02637 -0.97388  0.01807  0.00116  0.00233 -0.01629
1440530973.676 -0.00684 -0.99902 -0.00854  0.00931  0.00000  0.03491
1440530973.696 -0.02734 -1.00610  0.01880 -0.01047 -0.02094 -0.06516
1440530973.717  0.02197 -0.98877  0.07642  0.07330 -0.00349 -0.01047
1440530973.736 -0.00732 -0.97534 -0.13208 -0.11868 -0.00931 -0.01396
1440530973.756  0.01465 -0.97119  0.20117  0.22107 -0.01629  0.02211
1440530973.776 -0.01489 -0.98804 -0.06152 -0.21176  0.04189 -0.03491
1440530973.796  0.02393 -0.98608  0.03101  0.18616 -0.03491  0.03840
1440530973.816 -0.01050 -0.97778  0.02637 -0.17453 -0.00698 -0.04072
1440530973.836  0.02661 -0.99023  0.00317  0.12450  0.02327  0.02560
1440530973.856 -0.02051 -0.98511  0.00464 -0.12101 -0.00465 -0.03025
1440530973.876  0.02979 -0.99097  0.01831  0.05818 -0.02327  0.00931
1440530973.896 -0.01953 -0.99341 -0.00317 -0.06167  0.00582 -0.01629
1440530973.916  0.01196 -0.98804  0.02515  0.01862 -0.02327  0.00349
1440530973.936  0.00195 -0.98535  0.00073 -0.03723 -0.04305 -0.01745
1440530973.956  0.00146 -0.98926  0.03735  0.01164 -0.01047 -0.01047
1440530973.976 -0.00146 -0.99634 -0.02051 -0.01862 -0.00698 -0.01280
1440530973.996  0.00391 -0.98706  0.04004  0.00349 -0.03956 -0.01047
1440530974.016 -0.00293 -0.99438 -0.00635 -0.00465 -0.00233 -0.01047
1440530974.036  0.02002 -1.00000  0.02856 -0.00582 -0.01280  0.00349
1440530974.056 -0.01807 -0.98975 -0.01392 -0.01745 -0.01629 -0.00814
1440530974.076  0.01733 -0.99243  0.02661 -0.00814 -0.00465 -0.00814
1440530974.096 -0.00830 -0.99097 -0.00781 -0.00233 -0.00116  0.00349
1440530974.116  0.00732 -0.99097  0.02246 -0.00931 -0.01396 -0.01280
1440530974.136 -0.00293 -0.98901 -0.00171 -0.00000 -0.01978 -0.01280
1440530974.156  0.00684 -0.98950  0.01367 -0.00233 -0.01513 -0.01513
1440530974.176 -0.00195 -0.98804  0.00684 -0.00465 -0.01978 -0.01047
1440530974.196  0.01465 -0.98779  0.00952 -0.00582 -0.01629 -0.01047
1440530974.216 -0.00488 -0.99121  0.01074  0.00233 -0.01396  0.00116
1440530974.236  0.00781 -0.98828  0.01099 -0.00814 -0.01978 -0.01164
1440530974.256 -0.00146 -0.99292  0.01660 -0.00000 -0.01396 -0.00349
1440530974.276  0.00391 -0.99390  0.01099 -0.00465 -0.01513 -0.01745
1440530974.296 -0.00684 -0.99243  0.02002 -0.00814 -0.01629 -0.00465
1440530974.316  0.01074 -0.98633  0.01245  0.00233 -0.01164 -0.02094
1440530974.336  0.00049 -0.99438  0.01245 -0.00582 -0.00814 -0.00116
1440530974.356  0.00220 -0.98975  0.01050  0.00116 -0.02094 -0.01745
1440530974.376  0.00635 -0.99023  0.01270 -0.00698 -0.01280 -0.00233
1440530974.396  0.00610 -0.98779  0.00952 -0.00000 -0.00931 -0.01862
1440530974.416  0.00220 -0.99097  0.01245 -0.00814 -0.01978 -0.00349
1440530974.436  0.00537 -0.98730  0.01050 -0.00116 -0.01513 -0.01862
1440530974.456  0.00220 -0.98975  0.01270 -0.00233 -0.01280 -0.00233
1440530974.476  0.00928 -0.98877  0.00952 -0.00349 -0.01047 -0.01629
1440530974.496  0.00000 -0.98877  0.01221 -0.00116 -0.00814 -0.00582
1440530974.516  0.00122 -0.98877  0.00879 -0.00698 -0.01862 -0.01396
1440530974.536  0.00000 -0.98730  0.01196 -0.00000 -0.01745 -0.00698
1440530974.556  0.00220 -0.99707  0.01050 -0.00465 -0.01280 -0.01629
1440530974.576  0.00586 -0.99292  0.00879 -0.00465 -0.01513 -0.00349
1440530974.596  0.00439 -0.98877  0.01001 -0.00116 -0.01513 -0.01164
1440530974.616  0.00684 -0.99219  0.01025 -0.00465 -0.01513 -0.00931
1440530974.636  0.00195 -0.98755  0.00977 -0.00349 -0.01513 -0.00814
1440530974.656  0.00244 -0.98926  0.00830 -0.00233 -0.01513 -0.00814
1440530974.676  0.00122 -0.98755  0.01245 -0.00116 -0.01513 -0.00814
1440530974.696  0.00098 -0.98975  0.00854 -0.00582 -0.01047 -0.00582
1440530974.716  0.00488 -0.98926  0.01001 -0.00349 -0.01047 -0.01164
1440530974.736  0.00220 -0.98779  0.01025 -0.00000 -0.01164 -0.00814
1440530974.756  0.00049 -0.98926  0.00684 -0.00116 -0.01164 -0.01396
1440530974.776  0.00537 -0.98779  0.01440  0.00233 -0.01280 -0.00582
1440530974.796  0.00098 -0.99512  0.00903 -0.00698 -0.01047 -0.01047
1440530974.816  0.00293 -0.98828  0.01245 -0.00349 -0.01513 -0.01280
1440530974.836  0.00146 -0.98828  0.00781 -0.00465 -0.01513 -0.00814
1440530974.856  0.00415 -0.99023  0.01318  0.00116 -0.01396 -0.01396
1440530974.876  0.00586 -0.98926  0.00635 -0.00349 -0.01164 -0.00582
1440530974.896 -0.00122 -0.99146  0.01709 -0.00116 -0.01629 -0.00814
1440530974.916  0.00488 -0.98828  0.01050 -0.00465 -0.00931 -0.00931
1440530974.936  0.00049 -0.99268  0.01270 -0.00116 -0.01047 -0.00814
1440530974.956  0.00220 -0.98975  0.00879 -0.00465 -0.01862 -0.01513
1440530974.976  0.00220 -0.99194  0.01318 -0.00116 -0.01047  0.00000
1440530974.996  0.00366 -0.98730  0.00977 -0.00582 -0.01513 -0.01396
1440530975.016  0.00488 -0.98828  0.00684 -0.00116 -0.01396 -0.00814
1440530975.036  0.00073 -0.99072  0.00977 -0.00465 -0.01513 -0.01280
1440530975.056  0.00366 -0.99146  0.01099 -0.00349 -0.00931 -0.00465
1440530975.076  0.00391 -0.98877  0.01367 -0.00349 -0.01280 -0.01164
1440530975.096  0.00830 -0.98877  0.00879 -0.00116 -0.01164 -0.00931
1440530975.116 -0.00122 -0.99023  0.01099 -0.00465 -0.01629 -0.01164
1440530975.136  0.01074 -0.99438  0.00732 -0.00116 -0.01629 -0.01280
1440530975.156  0.00000 -0.98828  0.00879 -0.00349 -0.01513 -0.00582
1440530975.176  0.00439 -0.98413  0.00928 -0.00465 -0.01164 -0.00931
1440530975.196 -0.00830 -0.98926  0.01855 -0.00698 -0.01745 -0.00582
1440530975.216  0.01196 -0.99146  0.00391 -0.00931 -0.00698 -0.02211
1440530975.236 -0.00391 -0.98730  0.00806 -0.00465  0.00233  0.01164
1440530975.256  0.00073 -0.99585  0.00830 -0.01862 -0.00582 -0.01513
1440530975.276  0.00977 -0.98315  0.00732  0.00465 -0.01513  0.00233
1440530975.296 -0.01392 -0.98975  0.04736 -0.00116 -0.01862 -0.02211
1440530975.316  0.01465 -1.00073 -0.02905 -0.00931 -0.00233 -0.01047
1440530975.336 -0.01953 -0.99243  0.04175  0.00582 -0.00116 -0.00116
1440530975.356  0.02441 -1.00171 -0.03052 -0.00814 -0.01047 -0.01396
1440530975.376 -0.02393 -1.00488  0.02856 -0.00582 -0.02211  0.00233
1440530975.396 -0.02051 -1.00586 -0.02344 -0.00698 -0.01513 -0.01978
1440530975.416 -0.08472 -1.00610  0.01270  0.01513 -0.00814 -0.00349
1440530975.436  0.02466 -1.06982  0.03296 -0.00698 -0.01396 -0.05818
1440530975.456 -0.00708 -0.92969  0.06104  0.03840 -0.00349  0.01047
1440530975.476  0.22583 -0.95532 -0.24976 -0.14311  0.14195 -0.02094
1440530975.496 -0.21924 -1.02832 -0.19678  0.06283  0.12566  0.08377
1440530975.516 -0.00903 -1.42456  0.40210  0.07214 -0.07214 -0.07097
1440530975.536  0.08887 -0.86377  0.03857 -0.28972 -0.00233  0.00349
1440530975.556  0.04175 -0.97314 -0.23145  0.11286  0.14195  0.00582
1440530975.576 -0.18384 -1.01782  0.41138  0.17220 -0.03258  0.12450
1440530975.596  0.10840 -0.89551 -0.11987 -0.28855  0.00116 -0.26296
1440530975.616  0.07739 -0.91357  0.08130  0.28739 -0.01745  0.30717
1440530975.636  0.03711 -0.87085  0.33789 -0.51428 -0.10006 -0.11868
1440530975.656  0.06543 -1.03516 -0.34375  0.00116 -0.19198  0.05236
1440530975.676 -0.15454 -0.98047 -0.08374  0.07447  0.13264  0.13148
1440530975.696  0.11816 -0.89282  0.23828 -0.17453  0.01164 -0.08843
1440530975.716 -0.04712 -0.94312 -0.20337 -0.04189 -0.07912 -0.00931
1440530975.736 -0.01245 -1.01807  0.14453 -0.11984 -0.20943 -0.02327
1440530975.756 -0.03809 -1.12671 -0.08350 -0.10239 -0.20594 -0.00931
1440530975.776  0.08008 -1.07568 -0.01294  0.02792 -0.19547 -0.00931
1440530975.796 -0.02246 -1.02051 -0.07129 -0.18267 -0.18733  0.05585
1440530975.816 -0.08228 -0.91089 -0.06689 -0.12101 -0.23387 -0.02443
1440530975.836 -0.01294 -0.90332 -0.10791 -0.12333 -0.22107 -0.02094
1440530975.856  0.05566 -0.92871  0.02051  0.04189 -0.26528 -0.01396
1440530975.876 -0.13159 -1.03223 -0.05542 -0.04072 -0.28390  0.03723
1440530975.896 -0.02295 -1.07153 -0.14844 -0.07330 -0.25597 -0.10123
1440530975.916  0.12720 -1.01221 -0.19531  0.08145 -0.21525 -0.02792
1440530975.936  0.07544 -0.94067 -0.04346 -0.08494 -0.27808  0.03025
1440530975.956 -0.14868 -0.91138 -0.11304  0.09308 -0.27110  0.05585
1440530975.976 -0.10889 -0.93018 -0.06396 -0.01978 -0.25714 -0.08843
1440530975.996  0.34717 -1.09961 -0.47266 -0.07214 -0.27692 -0.23503
1440530976.016  0.07544 -0.95776  0.16333  0.33160 -0.34673  0.10239
1440530976.036 -0.14038 -0.86084  0.02661 -0.17802 -0.32346  0.05236
1440530976.056 -0.30420 -0.90454  0.01489  0.14195 -0.36069 -0.00582
1440530976.076 -0.03125 -0.93945  0.33545 -0.37116 -0.27808 -0.26761
1440530976.096  0.39307 -0.93579  0.10327  0.91802 -0.19198  0.18267
1440530976.116  0.04712 -0.90649  0.18115 -0.07796 -0.18500 -0.07563
1440530976.136 -0.24854 -1.07764  0.12939  0.19198 -0.39211  0.24550
1440530976.156 -0.01514 -1.99976 -0.16357  1.10069 -0.59339 -0.54918
1440530976.176  0.46924 -1.35938 -0.19702 -0.67484 -0.05469  0.29786
1440530976.196 -0.36792 -0.93750  0.30298  0.24434 -0.24434 -0.02094
1440530976.216  0.50171 -1.49463  0.44312  0.27692  0.55616 -0.53755
1440530976.236 -0.05273 -0.65332  0.03491  1.23100  1.26824  0.24667
1440530976.256 -0.38867 -0.69312  1.99976  0.71673  0.35138 -0.20129
1440530976.276  0.25952 -1.17505 -1.27466  0.28157  0.21641  0.06399
1440530976.296  0.29297 -0.90332  0.56592  0.23503  0.52707 -0.14428
1440530976.316 -0.08252 -1.04834 -0.06738 -0.01862  0.36767 -0.00582
1440530976.336  0.06421 -0.89038 -0.21387 -0.10937  0.33277  0.04538
1440530976.356 -0.04663 -0.90332 -0.03662  0.07447  0.30950 -0.03025
1440530976.376  0.13647 -0.92065 -0.06079 -0.35720  0.21409  0.04305
1440530976.396  0.09302 -0.94067 -0.17407 -0.02560  0.19547  0.14311
1440530976.416 -0.01367 -0.93555  0.09082 -0.07214  0.28041  0.09657
1440530976.436 -0.19775 -0.83032 -0.75537  0.64692  0.01047  0.17918
1440530976.456  0.20264 -0.81982  0.77539 -0.41770  0.30717 -0.10355
1440530976.476 -0.07080 -1.04956 -0.37744  0.33742  0.12217 -0.14893
1440530976.496  0.16260 -1.00879 -0.02100 -0.01047  0.10123  0.05119
1440530976.516 -0.00195 -1.27246 -0.11548  0.36534  0.01164 -0.01280
1440530976.536 -0.06299 -1.10864 -0.01123 -0.79468  0.13148 -0.07447
1440530976.556 -0.00928 -1.10498  0.08813  0.44912 -0.02211 -0.09075
1440530976.576  0.01782 -1.08398 -0.15405 -0.34091  0.08726  0.12799
1440530976.596  0.13306 -0.93579  0.06934  0.15358  0.02909 -0.04654
1440530976.616 -0.02808 -1.00757 -0.07251 -0.23968  0.02443  0.14777
1440530976.636  0.01685 -0.76636  0.00806  0.64575 -0.18384 -0.18849
1440530976.656  0.01196 -0.96411  0.27856 -0.31182  0.01047  0.00582
1440530976.676  0.08569 -0.92700  0.03784  0.29553  0.05585 -0.13031
1440530976.696  0.12183 -0.99072  0.07446  0.07563  0.15009  0.08726
1440530976.716 -0.01904 -1.13086 -0.16406 -0.18849  0.21409  0.07330
1440530976.736 -0.02832 -1.13062  0.26831  0.16173  0.07447 -0.03840
1440530976.756  0.04614 -0.99756 -0.09888 -0.15009 -0.36651  0.07447
1440530976.776 -0.24268 -0.85571  0.04614 -0.02443 -0.49100  0.05352
1440530976.796 -0.12085 -0.91992 -0.06348 -0.21176 -0.62830 -0.17918
1440530976.816 -0.13062 -0.96533 -0.04517 -0.31415 -0.69927 -0.08494
1440530976.836 -0.01416 -0.93213 -0.08350 -0.23154 -0.74931 -0.23619
1440530976.856  0.80762 -1.49536 -1.70654 -0.95409 -0.75861 -0.31415
1440530976.876 -0.08789 -0.47607  0.20166  1.04949 -0.63644  0.58641
1440530976.896  0.24487 -0.68335  0.21704 -0.32695 -0.31299 -0.25016
1440530976.916 -0.23242 -0.95776  0.24316 -0.00931 -0.44679  0.36418
1440530976.936 -0.41309 -0.89209  0.14893  0.29204 -0.61434 -0.33858
1440530976.956  0.18604 -1.22021 -0.97314 -0.53638 -0.02211 -0.16522
1440530976.976  0.19385 -1.54443  1.32471 -1.08673 -0.13497  0.01745
1440530976.996 -0.31934 -1.17627 -0.44312  0.10472 -0.34091  0.49682
1440530977.016 -0.15137 -0.75098 -0.05713 -0.71789 -0.47937  0.31764
1440530977.036 -0.53687 -0.67578 -0.19434  0.44214 -0.55151 -0.00698
1440530977.056 -0.07739 -0.74512  0.01782 -0.47821 -0.38745  0.09774
1440530977.076  0.16675 -0.78247  0.13428  0.33277 -0.58525 -0.32229
1440530977.096  0.01855 -1.19800 -0.14185 -0.33975 -0.64343  0.30833
1440530977.116 -0.08569 -1.03564  0.10205  0.03956 -0.73069 -0.14428
1440530977.136 -0.21509 -1.06787 -0.20093 -0.21176 -0.67600 -0.06399
1440530977.156  0.03052 -0.96265  0.09595 -0.08377 -0.77258 -0.28972
1440530977.176 -0.02710 -1.14697  0.31543 -1.02971 -0.88544 -0.14195
1440530977.196  0.55591 -0.68164  0.32495  1.50210 -0.47588  0.32229
1440530977.216  0.17212 -1.25391  0.27905 -0.04189 -0.22689 -0.04421
1440530977.236 -0.58545 -1.11182  0.32690  0.37814 -0.61783  0.34673
1440530977.256 -0.36963 -0.99609 -0.00830  0.05934 -0.71324 -0.19431
1440530977.276  0.02075 -0.91284  0.29419 -0.03025 -0.39560  0.26296
1440530977.296  0.73096 -0.55981  1.09082 -0.50613 -0.37814 -0.32811
1440530977.316 -0.80322 -1.18799 -0.67700 -0.08610 -0.49333  0.76094
1440530977.336  0.13354 -0.70044  0.50220  0.20245 -0.61550 -0.41421
1440530977.356 -0.09155 -1.12524 -0.28516 -0.17104 -0.32695  0.44912
1440530977.376 -0.23657 -1.05566  0.27417  0.41305 -0.41072 -0.29204
1440530977.396  0.19141 -1.01587 -0.33057 -0.06283 -0.48984  0.34557
1440530977.416 -0.22388 -0.97266  0.16211  0.26877 -0.69578  0.11053
1440530977.436 -0.07666 -0.95044 -0.14087  0.04072 -0.60852  0.18035
1440530977.456 -0.00488 -0.89697  0.19360  0.16755 -0.62830  0.05352
1440530977.476  0.11401 -0.91528 -0.11475  0.13264 -0.71905  0.17453
1440530977.496 -0.11011 -0.97729  0.02808  0.12217 -0.76210  0.23387
1440530977.516  0.08887 -1.73511  0.77979  0.61783 -0.72953 -0.03258
1440530977.536  0.00049 -0.81860 -0.23071 -0.48751 -0.69462  0.46424
1440530977.556 -0.30298 -0.97095  0.19434  0.37582 -0.68648  0.08145
1440530977.576 -0.13086 -0.88208 -0.00146  0.08494 -0.51078  0.42003
1440530977.596 -0.09814 -0.88354 -0.01074  0.11519 -0.50613 -0.08959
1440530977.616  0.04761 -0.84790 -0.02905  0.03258 -0.54802  0.21176
1440530977.636  0.03174 -1.70947  0.36230  0.51195 -0.50613 -0.01629
1440530977.656  0.08398 -0.87671  0.08740 -0.38978 -0.43516  0.14893
1440530977.676 -0.06665 -1.05640 -0.07349  0.12217 -0.52242  0.17336
1440530977.696 -0.21143 -0.97119  0.06470 -0.02909 -0.33975  0.00349
1440530977.716  0.00879 -0.84473  0.12598  0.04072 -0.24434 -0.09308
1440530977.736  0.09790 -0.96216  0.04663 -0.02909 -0.26296 -0.07679
1440530977.756 -0.24048 -1.03931  0.06494  0.14311 -0.24201 -0.00233
1440530977.776  0.19629 -0.56934  1.27271 -0.27808 -0.12566 -0.37698
1440530977.796 -0.29053 -1.12109 -0.67578 -0.40490 -0.17802  0.45028
1440530977.816  0.20483 -1.00586  0.68799  0.08610 -0.20711 -0.52940
1440530977.836 -0.22217 -1.01709 -0.43262  0.03840 -0.03025  0.45145
1440530977.856  0.32275 -1.00244  1.48853  0.66902 -0.26761 -0.86449
1440530977.876 -0.02100 -0.95312 -0.76392 -0.69811 -0.07330  0.61899
1440530977.896 -0.23755 -0.86255  1.67725  0.70742  0.02909 -0.77490
1440530977.916  0.06006 -1.12012 -1.24951 -0.45843  0.04654  0.29321
1440530977.936 -0.08472 -0.84473  0.88696  0.11053 -0.05585 -0.18384
1440530977.956  0.18945 -0.99243 -0.15723 -0.04421  0.03956  0.06865
1440530977.976 -0.29712 -1.01636  0.24658  0.15940  0.12450 -0.14544
1440530977.996  0.16187 -0.98926 -0.06421 -0.14079  0.09308 -0.10588
1440530978.016 -0.29858 -0.96777  0.12207  0.00349 -0.02676  0.05585
1440530978.036 -0.01147 -0.95874  0.02441 -0.22921 -0.05701 -0.25481
1440530978.056 -0.11377 -0.97095  0.05054 -0.00698  0.00931  0.06050
1440530978.076 -0.20166 -0.95898  0.12402 -0.04305  0.05236 -0.16987
1440530978.096 -0.04858 -0.97095  0.08081 -0.11868  0.01745 -0.11402
1440530978.116  0.00928 -1.00537 -0.00879 -0.09890 -0.06050 -0.11402
1440530978.136 -0.00684 -1.01343 -0.00415 -0.05585 -0.04538 -0.06167
1440530978.156 -0.01660 -1.00439 -0.00488 -0.01513  0.02443 -0.08377
1440530978.176 -0.05566 -0.99023  0.12402 -0.00349  0.02909 -0.09774
1440530978.196 -0.02197 -0.99976 -0.00244 -0.11053 -0.01745 -0.09890
1440530978.216 -0.01538 -0.98730  0.04639 -0.02792 -0.06865 -0.06399
1440530978.236 -0.07227 -0.98267  0.03540 -0.05469 -0.01978 -0.07214
1440530978.256 -0.04639 -0.97607  0.05908 -0.05585  0.02909 -0.12333
1440530978.276 -0.01953 -0.98584  0.02319 -0.05236  0.01047 -0.08261
1440530978.296 -0.05176 -0.98828  0.04932 -0.06748 -0.04305 -0.08726
1440530978.316 -0.02466 -0.98682  0.03369 -0.08028 -0.04072 -0.09890
1440530978.336 -0.04395 -0.98999  0.02515 -0.06050 -0.00116 -0.08261
1440530978.356  0.00122 -0.99390  0.01929 -0.06632  0.01862 -0.11519
1440530978.376  0.00879 -0.99634  0.02637 -0.05469 -0.01047 -0.07447
1440530978.396 -0.03027 -0.99512  0.03687 -0.06050 -0.03840 -0.07563
1440530978.416 -0.03198 -0.99023  0.02271 -0.06516 -0.01745 -0.09425
1440530978.436 -0.00342 -0.99072  0.03125 -0.03956  0.00465 -0.08959
1440530978.456 -0.00537 -0.99023  0.01196 -0.06167 -0.00814 -0.08843
1440530978.476  0.00635 -0.98682  0.01538 -0.05469 -0.03142 -0.08726
1440530978.496 -0.02393 -0.98584  0.02588 -0.04654 -0.01396 -0.05818
1440530978.516 -0.06079 -0.97656  0.04614 -0.03491  0.00931 -0.08028
1440530978.536 -0.07666 -0.96948  0.07715 -0.03956  0.00349 -0.08610
1440530978.556 -0.09790 -0.96191  0.07349 -0.07563 -0.02211 -0.11868
1440530978.576 -0.03589 -0.97681  0.05396 -0.10123 -0.03840 -0.14544
1440530978.596 -0.03125 -0.97998  0.04224 -0.08843 -0.00698 -0.11868
1440530978.616 -0.01245 -0.98926  0.02612 -0.09774  0.00582 -0.15358
1440530978.636  0.59937 -1.72461  0.53418 -0.76560 -0.02676 -0.38163
1440530978.656  0.61377 -1.99976  0.85718  1.49745 -0.43748  0.85402
1440530978.676 -0.38574 -1.36572  0.41797 -0.62365  0.30484 -0.60154
1440530978.696  0.63159 -0.70435 -0.07349  1.07160  0.14544 -0.05585
1440530978.716 -0.56763 -0.92993  0.14331 -0.13497  0.16987  0.42352
1440530978.736  0.25952 -1.08765 -0.31665  0.12682 -0.03025 -0.53755
1440530978.756 -0.16382 -1.17554 -0.00586  0.05469  0.05701  0.48519
1440530978.776 -0.05933 -1.02002  0.00610 -0.04189 -0.12217 -0.39909
1440530978.796  0.17847 -0.97119 -0.07446 -0.05119 -0.04305  0.23154
1440530978.816 -0.14844 -0.98560  0.01221  0.01280  0.00814 -0.09192
1440530978.836  0.13428 -1.01367 -0.14844 -0.04770 -0.00116  0.00000
1440530978.856 -0.16284 -0.96484  0.23438  0.12217 -0.00116  0.03258
1440530978.876  0.01904 -1.00195 -0.11060  0.01396  0.01047 -0.04072
1440530978.896  0.00928 -0.95142  0.18555  0.01862 -0.13846  0.03374
1440530978.916  0.00000 -1.03638 -0.08716  0.04654  0.01047 -0.03142
1440530978.936  0.00391 -0.98975  0.12036  0.02792  0.07330 -0.01164
1440530978.956  0.01123 -0.99194 -0.10791  0.02094 -0.05003  0.00000
1440530978.976 -0.01953 -0.96509  0.08618 -0.02560 -0.00931 -0.02327
1440530978.996  0.04077 -0.99707 -0.06226  0.01862  0.02792 -0.00116
1440530979.016 -0.06177 -1.00171  0.00952 -0.03607 -0.04072 -0.00698
1440530979.036  0.06055 -0.98828  0.04150  0.01280 -0.06050 -0.00698
1440530979.056 -0.05640 -0.98877 -0.00659 -0.01280  0.03607 -0.00116
1440530979.076  0.04224 -0.99048  0.03125 -0.00931 -0.01978 -0.01513
1440530979.096 -0.03857 -0.99707 -0.02197 -0.01164 -0.04421  0.00582
1440530979.116  0.03345 -0.99048  0.04199 -0.00000  0.01745 -0.02443
1440530979.136 -0.02759 -0.99048 -0.02002 -0.00349  0.00000  0.00814
1440530979.156  0.02100 -0.98828  0.03271 -0.01396 -0.04538 -0.02443
1440530979.176 -0.01123 -0.99585 -0.00049 -0.00233 -0.00233  0.00116
1440530979.196  0.00391 -0.99121  0.01855 -0.00000  0.00931 -0.01280
1440530979.216 -0.00244 -0.98828  0.01270 -0.00582 -0.03491 -0.01047
1440530979.236  0.00439 -0.98608  0.02588 -0.00349 -0.01513 -0.00582
1440530979.256 -0.00439 -0.98779  0.01147 -0.00582  0.00698 -0.01280
1440530979.276  0.00049 -0.99194  0.00830 -0.00582 -0.02560 -0.00233
1440530979.296  0.00293 -0.99170  0.02490 -0.00698 -0.02443 -0.01862
1440530979.316  0.00586 -0.98877  0.01221  0.00116  0.00116 -0.00116
1440530979.336 -0.00342 -0.98633  0.01465 -0.00931 -0.01745 -0.01745
1440530979.356  0.00342 -0.99292  0.01440  0.00233 -0.02792 -0.00349
1440530979.376 -0.00122 -0.99023  0.01733 -0.00465  0.00233 -0.01629
1440530979.396  0.00317 -0.98779  0.01196 -0.00000 -0.00814 -0.00233
1440530979.416 -0.00146 -0.98730  0.02148 -0.00698 -0.02560 -0.01396
1440530979.436  0.00635 -0.99463  0.01465 -0.00116 -0.01047 -0.00233
1440530979.456 -0.00220 -0.98926  0.00977 -0.00233 -0.00465 -0.01396
1440530979.476  0.00293 -0.99097  0.01343 -0.00582 -0.02443 -0.00698
1440530979.496  0.00195 -0.98828  0.01904  0.00116 -0.01396 -0.00931
1440530979.516  0.00122 -0.99023  0.01294 -0.00465 -0.00582 -0.00465
1440530979.536  0.00000 -0.98633  0.01245 -0.00465 -0.01978 -0.01047
1440530979.556  0.00146 -0.98779  0.01392 -0.00582 -0.01745 -0.00931
1440530979.576  0.00171 -0.99121  0.01489 -0.00582 -0.00931 -0.01280
1440530979.596 -0.00098 -0.99194  0.01514 -0.00465 -0.01513 -0.00814
1440530979.616  0.00122 -0.99146  0.01758 -0.00349 -0.01745 -0.01396
1440530979.636  0.00049 -0.98975  0.01489 -0.00233 -0.01047 -0.00814
1440530979.656  0.00049 -0.98926  0.01270 -0.00233 -0.01164 -0.00814
1440530979.676  0.00244 -0.98462  0.01685 -0.00349 -0.02094 -0.01047
1440530979.696  0.00000 -0.99023  0.01636 -0.00233 -0.01164 -0.00814
1440530979.716  0.00122 -0.98877  0.01440 -0.00233 -0.00582 -0.00814
1440530979.736  0.00317 -0.98877  0.01489 -0.00000 -0.01396 -0.01280
1440530979.756  0.00000 -0.98926  0.01538 -0.00116 -0.01280 -0.01164
1440530979.776  0.00146 -0.98462  0.01660 -0.00000 -0.00814 -0.01047
1440530979.796  0.00122 -0.98267  0.01807 -0.00233 -0.01745 -0.00931
1440530979.816  0.00146 -0.98975  0.01611  0.00233 -0.01164 -0.00931
1440530979.836  0.00122 -0.99170  0.01416 -0.00000 -0.01280 -0.00931
1440530979.856  0.00049 -0.98730  0.01709 -0.00465 -0.01047 -0.00814
1440530979.876  0.00098 -0.98560  0.01196 -0.00349 -0.01396 -0.00931
1440530979.896  0.00171 -0.99023  0.01587 -0.00582 -0.01280 -0.00814
1440530979.916  0.00146 -0.99707  0.01538 -0.00233 -0.00698 -0.01164
1440530979.936  0.00049 -0.98730  0.01660 -0.00349 -0.01513 -0.00931
1440530979.956  0.00317 -0.98975  0.01514 -0.00465 -0.01164 -0.00814
1440530979.976  0.00098 -0.98779  0.01416 -0.00349 -0.01047 -0.00698
1440530979.996  0.00122 -0.98877  0.01392 -0.00465 -0.01745 -0.01047
1440530980.016  0.00000 -0.99854  0.01611 -0.00465 -0.00931 -0.00698
1440530980.036 -0.00024 -0.98584  0.01440 -0.00116 -0.00931 -0.01047
1440530980.056  0.00244 -0.98999  0.01392 -0.00465 -0.01745 -0.00698
1440530980.076  0.00098 -0.98975  0.01758 -0.00116 -0.01513 -0.01047
1440530980.096  0.00220 -0.98608  0.01367 -0.00233 -0.01164 -0.00582
1440530980.116  0.00293 -0.98828  0.01245 -0.00233 -0.01280 -0.01280
1440530980.136 -0.00122 -0.99268  0.01392 -0.00465 -0.01629 -0.01047
1440530980.156  0.00317 -0.98975  0.01538 -0.00582 -0.01745 -0.00931
1440530980.176  0.00000 -0.99243  0.01587 -0.00116 -0.01164 -0.00582
1440530980.196  0.00049 -0.98755  0.01294 -0.00233 -0.01280 -0.00931
1440530980.216  0.00415 -0.99170  0.01440 -0.00349 -0.01164 -0.00582
1440530980.236  0.00049 -0.98779  0.01245 -0.00000 -0.01164 -0.00931
1440530980.256  0.00220 -0.98633  0.01392 -0.00233 -0.01280 -0.00814
1440530980.276  0.00098 -0.98877  0.01538 -0.00233 -0.01513 -0.00931
1440530980.296 -0.00024 -0.98975  0.01440 -0.00233 -0.01513 -0.00814
1440530980.316 -0.00049 -0.99072  0.01294 -0.00349 -0.01396 -0.00698
1440530980.336  0.00000 -0.99072  0.01440 -0.00465 -0.01513 -0.01396
1440530980.356  0.00122 -0.99023  0.01489 -0.00000 -0.01513 -0.00698
1440530980.376  0.00122 -0.98999  0.01343 -0.00698 -0.01396 -0.00814
1440530980.396 -0.00049 -0.98633  0.01343 -0.00233 -0.01745 -0.01047
1440530980.416  0.00073 -0.98584  0.01514 -0.00233 -0.01047 -0.00582
1440530980.436  0.00317 -0.98926  0.01416 -0.00931 -0.01513 -0.00814
1440530980.456  0.00024 -0.98730  0.01440 -0.00465 -0.01629 -0.01164
1440530980.476  0.00195 -0.98145  0.01392 -0.00349 -0.01745 -0.00931
1440530980.496  0.00049 -0.98975  0.01465 -0.00465 -0.01280 -0.00931
1440530980.516  0.00220 -0.98608  0.01367 -0.00465 -0.01396 -0.00582
1440530980.536  0.00269 -0.98877  0.01392 -0.00349 -0.01396 -0.00931
1440530980.556  0.00049 -0.99292  0.01318 -0.00582 -0.01513 -0.01047
1440530980.576  0.00269 -0.98828  0.01489 -0.00465 -0.01280 -0.00465
1440530980.596 -0.00195 -0.98413  0.01245 -0.00233 -0.01513 -0.00698
1440530980.616  0.00195 -0.99170  0.01611 -0.00000 -0.01164 -0.00465
1440530980.636  0.00244 -0.99463  0.01758 -0.00465 -0.01513 -0.01047
1440530980.656  0.00000 -0.98877  0.01392 -0.00465 -0.01047 -0.00931
1440530980.676  0.00171 -0.98926  0.01440 -0.00465 -0.01280 -0.01164
1440530980.696  0.00439 -0.99243  0.01465 -0.00582 -0.01862 -0.01280
1440530980.716  0.00269 -0.98730  0.01562 -0.00698 -0.01629 -0.00814
1440530980.736  0.00098 -0.98853  0.01562 -0.00582 -0.01280 -0.01164
1440530980.756  0.00049 -0.99609  0.01489 -0.00233 -0.01164 -0.00931
1440530980.776  0.00073 -0.98779  0.01440 -0.00814 -0.01396 -0.00698
1440530980.796  0.00171 -0.99292  0.01318 -0.00233 -0.01396 -0.00814
1440530980.816  0.00293 -0.98730  0.01782 -0.00116 -0.01280 -0.00931
1440530980.836  0.00049 -0.99194  0.01660 -0.00465 -0.01047 -0.01164
1440530980.856  0.00049 -0.99121  0.01440 -0.00698 -0.01862 -0.00582
1440530980.876  0.00220 -0.98682  0.01196 -0.00465 -0.01396 -0.01047
1440530980.896  0.00195 -0.98389  0.01367 -0.00233 -0.01629 -0.00814
1440530980.916  0.00000 -0.98877  0.01636 -0.00116 -0.01164 -0.01280
1440530980.936  0.00049 -0.98535  0.01294 -0.00349 -0.01396 -0.00931
1440530980.956  0.00000 -0.98267  0.01465 -0.00116 -0.01164 -0.01280
1440530980.976  0.00195 -0.99951  0.01709 -0.00582 -0.01280 -0.00698
1440530980.996 -0.00122 -0.98877  0.01465 -0.00465 -0.01396 -0.01047
1440530981.016  0.00049 -0.98975  0.01367 -0.00349 -0.01396 -0.00698
1440530981.036  0.00171 -0.98657  0.01343 -0.00465 -0.01396 -0.01047
1440530981.056  0.00366 -0.99194  0.01294 -0.00465 -0.01396 -0.00814
1440530981.076  0.00171 -0.98926  0.01343 -0.00349 -0.01396 -0.01047
1440530981.096  0.00317 -0.98779  0.01245 -0.00233 -0.01629 -0.00931
1440530981.116  0.00049 -0.99121  0.01294 -0.00233 -0.00931 -0.00465
1440530981.136 -0.00024 -0.99390  0.01465 -0.00349 -0.01513 -0.00814
1440530981.156  0.00024 -0.98730  0.01221 -0.00465 -0.01513 -0.01047
1440530981.176  0.00122 -0.99023  0.01514 -0.00116 -0.01164 -0.00698
1440530981.196  0.00195 -0.98828  0.01538 -0.00349 -0.01164 -0.00931
1440530981.216  0.00049 -0.98926  0.01440 -0.00349 -0.01629 -0.00814
1440530981.236  0.00366 -0.99023  0.01904 -0.00349 -0.01396 -0.00698
1440530981.256 -0.00024 -0.98535  0.01636 -0.00349 -0.01164 -0.01047
1440530981.276  0.00146 -0.99194  0.01465 -0.00000 -0.01280 -0.00698
1440530981.296  0.00244 -0.98828  0.01489 -0.00116 -0.01280 -0.00814
1440530981.316  0.00488 -0.99072  0.01611 -0.00349 -0.01396 -0.01047
1440530981.336  0.00122 -0.99243  0.01538 -0.00349 -0.01164 -0.00814
1440530981.356 -0.00049 -0.98633  0.01562 -0.00349 -0.01396 -0.01164
1440530981.376  0.00220 -0.99072  0.01562 -0.00698 -0.01745 -0.00931
1440530981.396  0.00269 -0.98828  0.01392 -0.00349 -0.01280 -0.01164
1440530981.416  0.00000 -0.99072  0.01489 -0.00349 -0.01513 -0.00814
1440530981.436  0.00195 -0.99121  0.01270 -0.00233 -0.00814 -0.00931
1440530981.456  0.00195 -0.98608  0.01318 -0.00116 -0.01164 -0.01047
1440530981.476  0.00146 -0.98828  0.01733 -0.00000 -0.01280 -0.00814
1440530981.496  0.00488 -0.99146  0.01147 -0.00465 -0.01164 -0.01396
1440530981.516  0.00293 -0.99756  0.01270 -0.00465 -0.01513 -0.00931
1440530981.536 -0.00806 -0.99438  0.05493 -0.01164 -0.01978 -0.01164
1440530981.556  0.01074 -0.99023 -0.03223  0.01629 -0.02443  0.00465
1440530981.577 -0.15308 -1.07397  0.25439 -0.21292  0.00814 -0.17220
1440530981.596 -0.01416 -0.99438  0.09253 -0.10472 -0.00233 -0.09774
1440530981.616  0.05493 -0.98584 -0.13867 -0.06748 -0.01629 -0.09075
1440530981.636  0.04053 -0.98218  0.01831  0.11752 -0.03840  0.10588
1440530981.656 -0.00366 -1.00391  0.03638  0.25714 -0.04887  0.05701
1440530981.676  0.00439 -0.96069  0.04858 -0.16522 -0.03025  0.06632
1440530981.696  0.00391 -0.98315  0.03882  0.07447 -0.02792  0.06399
1440530981.716 -0.02271 -0.99536 -0.01172 -0.04305  0.00233  0.00349
1440530981.736  0.05542 -0.99536 -0.04321  0.23968 -0.04072  0.18733
1440530981.756 -0.13086 -0.98291  0.11499  0.13846 -0.02094  0.06167
1440530981.776 -0.00244 -0.98706  0.06958 -0.08028 -0.00465 -0.14893
1440530981.796 -0.00098 -0.96753  0.01416 -0.14079 -0.01745 -0.12450
1440530981.816  0.06738 -0.98877 -0.10425  0.07097 -0.05119 -0.08726
