12:00:00.000 0.0000 62.8319 9.8067 0.0000 0.0000 6.2832
12:00:00.100 0.0000 62.8319 9.8067 0.0000 0.0000 6.2832
12:00:00.200 0.0000 62.8319 9.8067 0.0000 0.0000 6.2832
12:00:00.300 0.0000 62.8319 9.8067 0.0000 0.0000 6.2832
12:00:00.400 0.0000 62.8319 9.8067 0.0000 0.0000 6.2832
12:00:00.500 0.0000 62.8319 9.8067 0.0000 0.0000 6.2832
12:00:00.600 0.0000 62.8319 9.8067 0.0000 0.0000 6.2832
12:00:00.700 0.0000 62.8319 9.8067 0.0000 0.0000 6.2832
12:00:00.800 0.0000 62.8319 9.8067 0.0000 0.0000 6.2832
12:00:00.900 0.0000 62.8319 9.8067 0.0000 0.0000 6.2832
12:00:01.000 0.0000 62.8319 9.8067 0.0000 0.0000 6.2832
12:00:01.100 0.0000 62.8319 9.8067 0.0000 0.0000 6.2832
12:00:01.200 0.0000 62.8319 9.8067 0.0000 0.0000 6.2832
12:00:01.300 0.0000 62.8319 9.8067 0.0000 0.0000 6.2832
12:00:01.400 0.0000 62.8319 9.8067 0.0000 0.0000 6.2832
12:00:01.500 0.0000 62.8319 9.8067 0.0000 0.0000 6.2832
12:00:01.600 0.0000 62.8319 9.8067 0.0000 0.0000 6.2832
12:00:01.700 0.0000 62.8319 9.8067 0.0000 0.0000 6.2832
12:00:01.800 0.0000 62.8319 9.8067 0.0000 0.0000 6.2832
12:00:01.900 0.0000 62.8319 9.8067 0.0000 0.0000 6.2832