12:00:00.000 0.0000 0.0000 9.8067 0.0000 0.0000 0.0000
12:00:00.200 10.0000 0.0000 9.8067 0.0000 0.0000 0.0000
12:00:00.400 0.0000 0.0000 9.8067 0.0000 0.0000 0.0000
12:00:00.600 0.0000 0.0000 9.8067 0.0000 0.0000 0.0000
12:00:00.800 0.0000 0.0000 9.8067 0.0000 0.0000 0.0000
12:00:01.000 0.0000 0.0000 9.8067 0.0000 0.0000 0.0000
12:00:01.200 0.0000 0.0000 9.8067 0.0000 0.0000 0.0000
12:00:01.400 0.0000 0.0000 9.8067 0.0000 0.0000 0.0000
12:00:01.600 0.0000 0.0000 9.8067 0.0000 0.0000 0.0000
12:00:01.800 0.0000 0.0000 9.8067 0.0000 0.0000 0.0000
12:00:02.000 0.0000 0.0000 9.8067 0.0000 0.0000 0.0000
12:00:02.200 0.0000 0.0000 9.8067 0.0000 0.0000 0.0000
12:00:02.400 0.0000 0.0000 9.8067 0.0000 0.0000 0.0000
12:00:02.600 0.0000 0.0000 9.8067 0.0000 0.0000 0.0000
12:00:02.800 0.0000 0.0000 9.8067 0.0000 0.0000 0.0000
12:00:03.000 0.0000 0.0000 9.8067 0.0000 0.0000 0.0000
12:00:03.200 0.0000 0.0000 9.8067 0.0000 0.0000 0.0000
12:00:03.400 0.0000 0.0000 9.8067 0.0000 0.0000 0.0000
12:00:03.600 0.0000 0.0000 9.8067 0.0000 0.0000 0.0000
12:00:03.800 0.0000 0.0000 9.8067 0.0000 0.0000 0.0000