00:00:00.000 0.0000 0.0000 9.8067 0.0000 0.0000 0.0000
00:00:00.008 -15.4124 -0.4844 9.8067 0.0000 0.0000 0.0000
00:00:00.016 -15.3896 -0.9682 9.8067 0.0000 0.0000 0.0000
00:00:00.024 -15.3516 -1.4511 9.8067 0.0000 0.0000 0.0000
00:00:00.032 -15.2984 -1.9326 9.8067 0.0000 0.0000 0.0000
00:00:00.040 -15.2301 -2.4122 9.8067 0.0000 0.0000 0.0000
00:00:00.048 -15.1469 -2.8894 9.8067 0.0000 0.0000 0.0000
00:00:00.056 -15.0486 -3.3638 9.8067 0.0000 0.0000 0.0000
00:00:00.064 -14.9355 -3.8348 9.8067 0.0000 0.0000 0.0000
00:00:00.072 -14.8077 -4.3020 9.8067 0.0000 0.0000 0.0000
00:00:00.080 -14.6653 -4.7650 9.8067 0.0000 0.0000 0.0000
00:00:00.088 -14.5084 -5.2233 9.8067 0.0000 0.0000 0.0000
00:00:00.096 -14.3371 -5.6765 9.8067 0.0000 0.0000 0.0000
00:00:00.104 -14.1518 -6.1240 9.8067 0.0000 0.0000 0.0000
00:00:00.112 -13.9524 -6.5655 9.8067 0.0000 0.0000 0.0000
00:00:00.120 -13.7393 -7.0005 9.8067 0.0000 0.0000 0.0000
00:00:00.128 -13.5126 -7.4286 9.8067 0.0000 0.0000 0.0000
00:00:00.136 -13.2726 -7.8494 9.8067 0.0000 0.0000 0.0000
00:00:00.144 -13.0195 -8.2624 9.8067 0.0000 0.0000 0.0000
00:00:00.152 -12.7536 -8.6673 9.8067 0.0000 0.0000 0.0000
00:00:00.160 -12.4750 -9.0636 9.8067 0.0000 0.0000 0.0000
00:00:00.168 -12.1842 -9.4510 9.8067 0.0000 0.0000 0.0000
00:00:00.176 -11.8813 -9.8291 9.8067 0.0000 0.0000 0.0000
00:00:00.184 -11.5667 -10.1974 9.8067 0.0000 0.0000 0.0000
00:00:00.192 -11.2407 -10.5557 9.8067 0.0000 0.0000 0.0000
00:00:00.200 -10.9036 -10.9036 9.8067 0.0000 0.0000 0.0000
00:00:00.208 -10.5557 -11.2407 9.8067 0.0000 0.0000 0.0000
00:00:00.216 -10.1974 -11.5667 9.8067 0.0000 0.0000 0.0000
00:00:00.224 -9.8291 -11.8813 9.8067 0.0000 0.0000 0.0000
00:00:00.232 -9.4510 -12.1842 9.8067 0.0000 0.0000 0.0000
00:00:00.240 -9.0636 -12.4750 9.8067 0.0000 0.0000 0.0000
00:00:00.248 -8.6673 -12.7536 9.8067 0.0000 0.0000 0.0000
00:00:00.256 -8.2624 -13.0195 9.8067 0.0000 0.0000 0.0000
00:00:00.264 -7.8494 -13.2726 9.8067 0.0000 0.0000 0.0000
00:00:00.272 -7.4286 -13.5126 9.8067 0.0000 0.0000 0.0000
00:00:00.280 -7.0005 -13.7393 9.8067 0.0000 0.0000 0.0000
00:00:00.288 -6.5655 -13.9524 9.8067 0.0000 0.0000 0.0000
00:00:00.296 -6.1240 -14.1518 9.8067 0.0000 0.0000 0.0000
00:00:00.304 -5.6765 -14.3371 9.8067 0.0000 0.0000 0.0000
00:00:00.312 -5.2233 -14.5084 9.8067 0.0000 0.0000 0.0000
00:00:00.320 -4.7650 -14.6653 9.8067 0.0000 0.0000 0.0000
00:00:00.328 -4.3020 -14.8077 9.8067 0.0000 0.0000 0.0000
00:00:00.336 -3.8348 -14.9355 9.8067 0.0000 0.0000 0.0000
00:00:00.344 -3.3638 -15.0486 9.8067 0.0000 0.0000 0.0000
00:00:00.352 -2.8894 -15.1469 9.8067 0.0000 0.0000 0.0000
00:00:00.360 -2.4122 -15.2301 9.8067 0.0000 0.0000 0.0000
00:00:00.368 -1.9326 -15.2984 9.8067 0.0000 0.0000 0.0000
00:00:00.376 -1.4511 -15.3516 9.8067 0.0000 0.0000 0.0000
00:00:00.384 -0.9682 -15.3896 9.8067 0.0000 0.0000 0.0000
00:00:00.392 -0.4844 -15.4124 9.8067 0.0000 0.0000 0.0000
00:00:00.400 -0.0000 -15.4200 9.8067 0.0000 0.0000 0.0000
00:00:00.408 0.4844 -15.4124 9.8067 0.0000 0.0000 0.0000
00:00:00.416 0.9682 -15.3896 9.8067 0.0000 0.0000 0.0000
00:00:00.424 1.4511 -15.3516 9.8067 0.0000 0.0000 0.0000
00:00:00.432 1.9326 -15.2984 9.8067 0.0000 0.0000 0.0000
00:00:00.440 2.4122 -15.2301 9.8067 0.0000 0.0000 0.0000
00:00:00.448 2.8894 -15.1469 9.8067 0.0000 0.0000 0.0000
00:00:00.456 3.3638 -15.0486 9.8067 0.0000 0.0000 0.0000
00:00:00.464 3.8348 -14.9355 9.8067 0.0000 0.0000 0.0000
00:00:00.472 4.3020 -14.8077 9.8067 0.0000 0.0000 0.0000
00:00:00.480 4.7650 -14.6653 9.8067 0.0000 0.0000 0.0000
00:00:00.488 5.2233 -14.5084 9.8067 0.0000 0.0000 0.0000
00:00:00.496 5.6765 -14.3371 9.8067 0.0000 0.0000 0.0000
00:00:00.504 6.1240 -14.1518 9.8067 0.0000 0.0000 0.0000
00:00:00.512 6.5655 -13.9524 9.8067 0.0000 0.0000 0.0000
00:00:00.520 7.0005 -13.7393 9.8067 0.0000 0.0000 0.0000
00:00:00.528 7.4286 -13.5126 9.8067 0.0000 0.0000 0.0000
00:00:00.536 7.8494 -13.2726 9.8067 0.0000 0.0000 0.0000
00:00:00.544 8.2624 -13.0195 9.8067 0.0000 0.0000 0.0000
00:00:00.552 8.6673 -12.7536 9.8067 0.0000 0.0000 0.0000
00:00:00.560 9.0636 -12.4750 9.8067 0.0000 0.0000 0.0000
00:00:00.568 9.4510 -12.1842 9.8067 0.0000 0.0000 0.0000
00:00:00.576 9.8291 -11.8813 9.8067 0.0000 0.0000 0.0000
00:00:00.584 10.1974 -11.5667 9.8067 0.0000 0.0000 0.0000
00:00:00.592 10.5557 -11.2407 9.8067 0.0000 0.0000 0.0000
00:00:00.600 10.9036 -10.9036 9.8067 0.0000 0.0000 0.0000
00:00:00.608 11.2407 -10.5557 9.8067 0.0000 0.0000 0.0000
00:00:00.616 11.5667 -10.1974 9.8067 0.0000 0.0000 0.0000
00:00:00.624 11.8813 -9.8291 9.8067 0.0000 0.0000 0.0000
00:00:00.632 12.1842 -9.4510 9.8067 0.0000 0.0000 0.0000
00:00:00.640 12.4750 -9.0636 9.8067 0.0000 0.0000 0.0000
00:00:00.648 12.7536 -8.6673 9.8067 0.0000 0.0000 0.0000
00:00:00.656 13.0195 -8.2624 9.8067 0.0000 0.0000 0.0000
00:00:00.664 13.2726 -7.8494 9.8067 0.0000 0.0000 0.0000
00:00:00.672 13.5126 -7.4286 9.8067 0.0000 0.0000 0.0000
00:00:00.680 13.7393 -7.0005 9.8067 0.0000 0.0000 0.0000
00:00:00.688 13.9524 -6.5655 9.8067 0.0000 0.0000 0.0000
00:00:00.696 14.1518 -6.1240 9.8067 0.0000 0.0000 0.0000
00:00:00.704 14.3371 -5.6765 9.8067 0.0000 0.0000 0.0000
00:00:00.712 14.5084 -5.2233 9.8067 0.0000 0.0000 0.0000
00:00:00.720 14.6653 -4.7650 9.8067 0.0000 0.0000 0.0000
00:00:00.728 14.8077 -4.3020 9.8067 0.0000 0.0000 0.0000
00:00:00.736 14.9355 -3.8348 9.8067 0.0000 0.0000 0.0000
00:00:00.744 15.0486 -3.3638 9.8067 0.0000 0.0000 0.0000
00:00:00.752 15.1469 -2.8894 9.8067 0.0000 0.0000 0.0000
00:00:00.760 15.2301 -2.4122 9.8067 0.0000 0.0000 0.0000
00:00:00.768 15.2984 -1.9326 9.8067 0.0000 0.0000 0.0000
00:00:00.776 15.3516 -1.4511 9.8067 0.0000 0.0000 0.0000
00:00:00.784 15.3896 -0.9682 9.8067 0.0000 0.0000 0.0000
