16:21:54.153 9.8286 -0.0251 -0.0735 -0 0.0022 -0.0002
16:21:54.172 9.8143 -0.0491 -0.0819 0.001 0.0086 -0.0012
16:21:54.190 9.8346 -0.0503 -0.0759 0.001 0.0075 -0.0012
16:21:54.210 9.843 -0.0239 -0.0651 -0 0.0064 -0.0002
16:21:54.233 9.8047 -0.0132 -0.083 0.001 0.0139 -0.0012
16:21:54.249 9.843 -0.0503 -0.0495 0.0032 0.0192 -0.0002
16:21:54.269 9.8382 -0.0611 -0.0352 0.0021 0.0203 -0.0002
16:21:54.292 9.8406 -0.0323 -0.0471 0.0021 0.0203 0.002
16:21:54.309 9.8346 -0.0263 -0.0735 0.0021 0.0203 0.0009
16:21:54.330 9.8274 -0.0299 -0.0016 0.001 0.0181 0.0009
16:21:54.351 9.8298 -0.0192 0.0067 0.0021 0.016 -0.0002
16:21:54.372 9.8167 -0.0275 -0.0172 0.0021 0.0192 0.0009
16:21:54.389 9.8346 -0.0251 -0.0196 0.001 0.0203 0.0009
16:21:54.412 9.843 0 -0.0016 0.001 0.0054 -0.0023
16:21:54.429 9.8394 -0.0168 -0.0256 -0.0011 0.0011 -0.0002
16:21:54.449 9.8514 -0.0419 -0.0579 0.001 0.0096 -0.0002
16:21:54.473 9.8274 -0.0383 -0.0615 0.001 0.0128 -0.0012
16:21:54.490 9.837 -0.0227 -0.0328 0.0021 0.0107 0.002
16:21:54.509 9.831 -0.0251 -0.028 0.0021 0.0107 -0.0002
16:21:54.530 9.8215 -0.0287 -0.0184 0.0021 0.0118 0.0009
16:21:54.549 9.8406 -0.0096 -0.0388 0.001 0.0075 -0.0023
16:21:54.572 9.8239 -0.0347 0.0019 -0.0022 0.0032 -0.0002
16:21:54.591 9.8346 -0.0275 -0.0136 -0.0011 0.0011 -0.0012
16:21:54.609 9.8251 -0.0215 -0.016 -0.0011 0.0011 0.0009
16:21:54.628 9.8442 -0.0287 -0.0663 -0 0.0064 -0.0023
16:21:54.650 9.8382 -0.0263 -0.0388 -0.0022 0.0064 -0.0012
16:21:54.668 9.8358 -0.0227 0.0175 -0.0022 0 -0.0012
16:21:54.691 9.849 -0.0419 0.0247 -0.0022 -0.0053 -0.0012
16:21:54.710 9.8526 -0.0072 -0.0519 -0.0022 -0.001 -0.0023
16:21:54.727 9.8478 -0.0371 -0.1214 -0 0.0128 -0.0012
16:21:54.749 9.8346 -0.0239 -0.0172 0.001 0.016 0.0009
16:21:54.770 9.8239 -0.0132 0.0438 0.001 0.0054 0.003
16:21:54.790 9.8466 -0.0108 0.0055 -0.0022 -0.001 0.002
16:21:54.808 9.8322 -0.0072 -0.0531 -0.0022 0.0043 0.0009
16:21:54.830 9.8167 -0.0503 -0.0076 -0.0011 0.0064 0.002
16:21:54.849 9.8406 -0.0287 0.0259 -0.0011 -0.001 -0.0002
16:21:54.868 9.8358 0.0024 0.0127 -0.0022 -0.0106 -0.0002
16:21:54.891 9.8274 -0.0012 -0.0052 -0.0022 -0.0085 0.0009
16:21:54.908 9.831 -0.0359 -0.0735 0.001 0.0022 -0.0012
16:21:54.927 9.8322 -0.0239 -0.0364 0.001 0.0054 -0.0002
16:21:54.952 9.8478 -0.0048 -0.0268 -0.0011 0.0043 -0.0012
16:21:54.968 9.8358 -0.0287 0.0079 -0 0.0032 0.003
16:21:54.990 9.8478 -0.0563 0.0642 0.0032 0 -0.0002
16:21:55.010 9.8514 -0.0443 -0.034 0.0021 -0.0053 -0.0012
16:21:55.029 9.8634 -0.0036 -0.034 0.0021 -0.0074 -0.0023
16:21:55.049 9.8598 -0.0144 -0.0519 0.001 -0.0096 -0.0002
16:21:55.070 9.8239 -0.0275 -0.04 0.001 -0.0106 0.0009
16:21:55.090 9.831 -0.0287 -0.0675 0.001 -0.0064 -0.0002
16:21:55.113 9.7987 -0.0287 -0.0627 0.0032 -0.0021 0.002
16:21:55.132 9.837 -0.0455 -0.0531 0.001 -0.0032 0.002
16:21:55.147 9.8203 -0.0323 -0.0962 0.001 0 -0.0002
16:21:55.169 9.843 0.0036 -0.0723 -0 0.0043 0.002
16:21:55.189 9.8095 -0.0347 -0.0579 0.0021 0.0128 -0.0012
16:21:55.207 9.8406 -0.0287 -0.0052 0.001 0.0128 -0.0002
16:21:55.226 9.8346 0.0072 -0.0352 -0 0.0064 0.003
16:21:55.251 9.8406 -0.0156 -0.0196 -0.0011 0.0009 -0.0013
16:21:55.269 9.8239 -0.0395 -0.0292 -0.0011 0.002 0.0008
16:21:55.290 9.8251 -0.0395 -0.0088 -0.0011 -0.0001 0.0019
16:21:55.310 9.8514 -0.0192 -0.0148 -0.0033 -0.0097 -0.0013
16:21:55.327 9.8274 -0.0227 0.0331 -0.0022 -0.0236 -0.0013
16:21:55.348 9.8418 -0.0347 -0.0914 -0.0022 -0.0225 -0.0003
16:21:55.369 9.8442 -0.0407 -0.1238 -0.0001 -0.0076 -0.0013
16:21:55.389 9.8191 -0.0192 -0.0902 -0.0001 0.0031 -0.0013
16:21:55.407 9.8478 -0.0263 -0.0878 -0.0022 0.0031 -0.0013
16:21:55.428 9.849 -0.0275 -0.0735 -0.0011 -0.0001 0.0008
16:21:55.448 9.8358 -0.0144 -0.101 -0.0001 0.0052 0.0029
16:21:55.468 9.8274 -0.0239 -0.1166 0.0021 0.0105 -0.0003
16:21:55.491 9.8203 -0.0263 -0.04 0.001 0.0041 0.0008
16:21:55.507 9.8394 -0.0168 -0.0783 -0.0001 0.0041 0.004
16:21:55.527 9.8334 -0.0287 -0.0807 -0.0001 0.0095 0.0019
16:21:55.549 9.8263 -0.0323 -0.0687 -0.0001 0.0148 -0.0003
16:21:55.568 9.8394 -0.0395 -0.0627 -0.0001 0.0158 0.0008
16:21:55.589 9.8286 -0.0192 -0.0699 -0.0001 0.0158 -0.0003
16:21:55.609 9.8263 -0.0287 -0.0124 0.001 0.0137 0.0008
16:21:55.626 9.8358 -0.0287 -0.0244 -0.0001 0.0052 0.0019
16:21:55.646 9.8358 -0.0072 -0.1297 -0.0011 0.0052 -0.0003
16:21:55.670 9.8047 -0.0096 -0.1202 0.001 0.0127 0.0008
16:21:55.702 9.831 -0.0419 -0.0184 0.0031 0.0137 0.0019
16:21:55.709 9.843 -0.0347 0.045 0.001 0.0041 0.0019
16:21:55.728 9.8155 -0.006 -0.0136 -0.0022 -0.0023 0.0008
16:21:55.747 9.8227 -0.0479 -0.1309 -0.0001 0.0073 -0.0003
16:21:55.766 9.849 -0.0587 -0.0388 0.0031 0.0137 -0.0013
16:21:55.790 9.8538 -0.018 -0.0172 0.001 0.0073 -0.0013
16:21:55.807 9.8394 0.006 -0.0627 -0.0001 0.0041 0.0029
16:21:55.827 9.8239 -0.0299 -0.0962 0.001 0.0105 0.0019
16:21:55.849 9.8215 -0.0227 -0.0747 -0.0001 0.0158 0.0008
16:21:55.866 9.8251 0.0215 -0.0435 -0.0033 0.0105 -0.0013
16:21:55.889 9.8274 0.0299 -0.0292 -0.0043 0.0052 0.0008
16:21:55.909 9.8298 -0.0778 0.0055 -0.0011 0.0063 0.0019
16:21:55.927 9.8095 -0.067 0.0103 0.0021 0.0105 -0.0003
16:21:55.947 9.8382 -0.0192 -0.0268 0.001 0.0105 0.0008
16:21:55.970 9.8298 -0.012 -0.0627 -0.0011 0.0116 -0.0003
16:21:55.986 9.849 -0.0599 -0.0543 0.001 0.0158 0.0008
16:21:56.007 9.8286 -0.0658 -0.0998 0.0021 0.018 0.0019
16:21:56.027 9.8346 -0.0467 0.0319 0.001 0.0116 0.0008
16:21:56.045 9.849 0.018 -0.0328 -0.0022 0.0063 -0.0003
16:21:56.066 9.831 0.0395 -0.0807 -0.0011 0.0116 -0.0003
16:21:56.092 9.8406 -0.0323 -0.016 0.0021 0.0137 -0.0035
16:21:56.106 9.8466 -0.0359 0.0199 -0.0001 0.0009 -0.0035
16:21:56.125 9.831 0.018 -0.0483 -0.0011 -0.0076 0.0008
16:21:56.148 9.8442 -0.0311 -0.0687 0.001 0.002 -0.0013
16:21:56.167 9.8191 -0.0622 -0.0208 0.0042 0.0116 0.0029
16:21:56.190 9.8514 -0.0335 -0.0172 0.0031 0.0116 0.0008
16:21:56.208 9.8502 0.0215 0.0331 -0.0001 0.0009 0.0008
16:21:56.227 9.8227 -0.0335 -0.0112 0.001 -0.0033 0.0019
16:21:56.246 9.8167 -0.0718 -0.0352 0.0021 -0.0012 0.0019
16:21:56.268 9.8239 -0.0168 -0.0483 0.0031 0.0052 0.0019
16:21:56.286 9.8334 -0.0036 -0.0651 0.001 0.0084 0.0019
16:21:56.307 9.8406 -0.0431 -0.0124 0.001 0.0052 0.0019
16:21:56.328 9.8334 -0.0694 0.0438 -0.0001 -0.0012 0.0051
16:21:56.346 9.8538 -0.0383 -0.1166 0.001 0.0063 -0.0003
16:21:56.366 9.8454 0.0036 -0.1621 0.0031 0.0169 -0.0003
16:21:56.388 9.8322 -0.0431 0.0043 0.0042 0.018 0.0019
16:21:56.405 9.8478 -0.0251 0.0259 0.0021 0.0127 0.0008
16:21:56.426 9.8394 0.018 -0.0064 -0.0011 0.0041 -0.0013
16:21:56.447 9.831 -0.0036 -0.0364 -0.0011 0.0031 0.0019
16:21:56.464 9.8466 -0.0431 -0.016 0.001 0.0063 -0.0003
16:21:56.490 9.8298 -0.0275 0.0103 0.001 0.002 0.0008
16:21:56.508 9.8227 -0.0132 -0.0579 -0.0001 -0.0001 0.0008
16:21:56.527 9.8227 -0.0539 -0.0364 -0.001 -0.0038 -0.0009
16:21:56.546 9.8274 -0.0263 -0.0076 0.0001 -0.0006 -0.0009
16:21:56.568 9.8514 -0.0084 -0.0795 0.0001 0.0015 -0.002
16:21:56.591 9.8263 -0.0287 -0.0064 0.0001 -0.0017 -0.002
16:21:56.607 9.8418 -0.0383 -0.0004 0.0001 -0.0006 0.0002
16:21:56.628 9.8251 -0.0239 -0.0543 0.0012 0.0036 -0.003
16:21:56.645 9.8346 -0.0072 -0.0352 -0.001 0.0068 -0.003
16:21:56.665 9.8418 -0.0359 0.0295 -0.001 -0.0049 -0.003
16:21:56.687 9.837 -0.0407 0.0678 -0.0031 -0.0219 0.0002
16:21:56.705 9.8286 0.0036 -0.04 -0.0031 -0.023 0.0012
16:21:56.725 9.849 -0.0204 -0.1513 -0.002 -0.0092 0.0023
16:21:56.746 9.8274 -0.0407 -0.0807 0.0012 0.0036 -0.0009
16:21:56.763 9.8358 -0.0503 0.0678 0.0001 -0.0038 -0.003
16:21:56.784 9.837 -0.0084 -0.0423 -0.0031 -0.0113 -0.002
16:21:56.806 9.8418 -0.0251 -0.0567 -0.002 -0.0081 0.0023
16:21:56.824 9.8251 -0.0323 -0.1046 -0.001 0.0015 0.0012
16:21:56.844 9.8263 -0.0084 -0.0412 0.0001 0.009 -0.002
16:21:56.865 9.831 -0.0156 -0.0244 0.0012 0.009 -0.0009
16:21:56.885 9.8478 -0.0263 0.0666 -0.001 -0.007 -0.002
16:21:56.904 9.8298 -0.0323 0.0211 -0.0031 -0.0209 0.0012
16:21:56.926 9.8191 0.0096 -0.1465 -0.002 -0.0134 -0.002
16:21:56.944 9.8179 -0.0204 -0.1142 -0.001 0.0026 -0.003
16:21:56.963 9.8227 -0.0335 -0.0136 0.0012 0.0047 -0.002
16:21:56.984 9.8274 -0.0539 0.0031 0.0001 -0.0038 -0.002
16:21:57.003 9.8251 -0.0335 -0.0388 -0.001 -0.0081 -0.002
16:21:57.023 9.8322 -0.0383 -0.0687 -0.001 -0.0038 -0.002
16:21:57.045 9.8239 -0.0215 -0.0651 0.0012 0.0026 0.0012
16:21:57.062 9.8227 -0.0563 -0.04 0.0012 0.0047 0.0023
16:21:57.083 9.8382 -0.0359 -0.0184 0.0001 0.0026 0.0034
16:21:57.105 9.8286 -0.0227 -0.0292 -0.001 0.0015 0.0002
16:21:57.124 9.8322 0.0144 -0.0591 -0.001 0.0004 0.0012
16:21:57.143 9.8274 0.012 -0.016 -0.001 -0.0006 0.0012
16:21:57.166 9.8298 -0.0347 -0.0412 0.0007 0.0042 -0.0003
16:21:57.187 9.8286 -0.0287 -0.0711 0.0018 0.0085 0.0019
16:21:57.203 9.8203 -0.0036 0.0055 0.0018 0.0032 0.0019
16:21:57.229 9.8322 -0.0359 -0.0148 0.0007 0.0032 -0.0013
16:21:57.246 9.8215 -0.0527 -0.0555 0.0018 0.0149 0.0029
16:21:57.266 9.837 -0.0287 -0.0759 0.0018 0.0266 0.0019
16:21:57.287 9.8358 -0.0383 -0.0292 0.0007 0.0255 -0.0024
16:21:57.304 9.8574 -0.012 -0.0136 0.0007 0.0213 -0.0003
16:21:57.323 9.8322 -0.0239 0.057 0.0007 0.0096 0.0019
16:21:57.345 9.8394 -0.0359 0.0486 0.0007 -0.0011 0.0019
16:21:57.362 9.8179 -0.0048 -0.0459 0.0007 0.001 0.0008
16:21:57.383 9.8239 -0.0192 -0.0627 0.0018 0.0138 0.0008
16:21:57.405 9.8322 -0.0563 -0.0064 0.0018 0.0223 -0.0024
16:21:57.423 9.8466 -0.0084 -0.0471 0.0007 0.0277 0.0008
16:21:57.442 9.8251 -0.018 0.0019 0.0007 0.0266 -0.0035
16:21:57.463 9.8298 -0.0383 0.0498 0.0007 0.0266 -0.0013
16:21:57.482 9.8478 -0.0239 0.0606 0.0007 0.0223 0.0008
16:21:57.503 9.8526 -0.018 0.1157 -0.0003 0.0074 0.0008
16:21:57.525 9.8191 -0.0048 0.063 -0.0025 -0.0075 0.0008
16:21:57.543 9.8143 -0.0383 0.0558 -0.0035 -0.0118 -0.0013
16:21:57.562 9.8346 -0.0227 0.0043 -0.0014 -0.0086 -0.0003
16:21:57.584 9.8442 -0.0311 0.0271 -0.0014 -0.0054 -0.0003
16:21:57.602 9.8406 -0.018 0.0498 -0.0014 -0.0096 -0.0003
16:21:57.622 9.8394 -0.012 0.0175 -0.0025 -0.0118 -0.0003
16:21:57.643 9.8286 -0.0311 -0.0112 -0.0014 -0.0064 0.0019
16:21:57.661 9.8322 -0.0395 -0.0316 -0.0003 0.001 -0.0035
16:21:57.682 9.8251 -0.0084 -0.0184 0.0018 0.0042 -0.0024
16:21:57.704 9.8167 -0.0048 -0.04 0.0029 0.0096 -0.0003
16:21:57.723 9.8239 0.0024 -0.0244 0.0039 0.0159 -0.0013
16:21:57.741 9.8274 -0.0227 -0.0172 0.0029 0.0181 -0.0035
16:21:57.763 9.843 -0.0359 0.0881 0.0007 0.0021 -0.0003
16:21:57.784 9.8514 -0.0359 0.1217 -0.0035 -0.0181 0.0019
16:21:57.809 9.8215 -0.012 -0.0112 -0.0025 -0.0139 0.004
16:21:57.824 9.8358 -0.0084 -0.0783 0.0018 0.0042 0.0008
16:21:57.842 9.8454 -0.0263 0.0414 0.0029 0.0085 0.0008
16:21:57.862 9.8346 -0.0431 0.0319 0.0018 0.0032 0.004
16:21:57.883 9.8322 -0.0048 -0.0076 0.0007 0.0021 0.004
16:21:57.903 9.8334 0 -0.004 0.0018 0.0085 0.0019
16:21:57.922 9.8251 -0.0431 0.0307 0.0029 0.0159 -0.0003
16:21:57.943 9.837 -0.0371 0.0929 0.0018 0.0085 0.0019
16:21:57.961 9.831 -0.0299 0.0702 -0.0003 -0.0011 0.0008
16:21:57.982 9.8358 -0.0192 -0.0196 0.0007 0.0021 0.0008
16:21:58.003 9.8382 -0.0287 0.0151 0.0018 0.0074 0.0008
16:21:58.021 9.8251 -0.0132 0.0702 -0.0014 0.0021 0.0029
16:21:58.042 9.8251 -0.0168 0.0774 -0.0057 -0.0064 0.004
16:21:58.062 9.8322 -0.0287 0.0295 -0.0057 -0.0075 0.004
16:21:58.082 9.8346 -0.0168 -0.0292 -0.0046 -0.0032 0.0029
16:21:58.102 9.843 -0.006 0.0127 -0.0025 -0 0.004
16:21:58.123 9.8514 -0.0455 0.0019 -0.0014 0.001 0.0029
16:21:58.142 9.8298 -0.0563 0.0247 -0.0014 -0.0022 0.0029
16:21:58.161 9.8358 -0.0575 0.0642 -0.0003 -0 -0.0003
16:21:58.183 9.8358 -0.0371 0.0091 0.0007 0.0032 0.0008
16:21:58.203 9.8526 0.0096 0.0127 -0.0003 0.001 0.0008
16:21:58.221 9.8562 -0.0036 0.0079 -0.0025 -0.0054 0.0019
16:21:58.243 9.8191 -0.0395 0.0163 -0.0014 -0.0064 0.0008
16:21:58.261 9.8239 -0.0359 0.0247 -0.0003 -0.0022 0.0008
16:21:58.281 9.8322 0.012 0.0403 -0.0003 -0.0022 -0.0013
16:21:58.302 9.8322 -0.0108 0.0546 -0.0003 -0.0032 0.0008
16:21:58.321 9.8191 0.006 0.0295 -0.0003 -0.0022 -0.0003
16:21:58.341 9.8263 0 0.0031 0.0018 0.0021 0.0051
16:21:58.367 9.8382 -0.0036 0.0211 0.0018 0.0032 0.0019
16:21:58.383 9.8466 -0.0287 -0.0136 0.0007 -0.0011 0.0029
16:21:58.405 9.8394 -0.0371 0.045 -0.0003 -0.0043 -0.0003
16:21:58.427 9.8382 -0.0275 0.0367 -0.0003 -0.0086 -0.0013
16:21:58.440 9.8514 -0.0299 0.0007 0.0007 -0.0054 0.0008
16:21:58.460 9.8322 -0.0407 -0.0136 0.0018 -0 0.0019
16:21:58.482 9.8574 -0.0323 -0.0148 0.0007 -0.0011 -0.0013
16:21:58.501 9.8239 -0.0431 0.0247 0.0007 -0.0032 0.0019
16:21:58.520 9.8286 -0.0587 0.0295 0.0007 -0.0022 0.0029
16:21:58.542 9.8215 -0.0263 0.0115 0.0018 -0.0022 0.0008
16:21:58.560 9.8358 -0.0012 -0.0591 0.0018 0.0042 -0.0003
16:21:58.579 9.8251 -0.0227 -0.0016 0.0018 0.0085 0.0019
16:21:58.601 9.8394 -0.0227 0.0762 0.0007 0.0032 -0.0003
16:21:58.620 9.8634 -0.0431 0.0486 0.0007 -0 0.0008
16:21:58.640 9.8215 -0.0048 0.0103 0.0018 0.0021 -0.0003
16:21:58.661 9.8298 -0.018 -0.0423 0.0018 0.0085 -0.0013
16:21:58.680 9.843 -0.0132 -0.0232 0.0018 0.0117 0.0008
16:21:58.699 9.843 -0.0395 0.0391 0.0029 0.0117 -0.0003
16:21:58.721 9.8346 -0.0275 0.0367 0.0007 0.0117 -0.0003
16:21:58.740 9.8454 0 0.0474 0.0007 0.0074 -0.0013
16:21:58.759 9.8155 -0.0335 0.0139 -0.0003 0.001 -0.0013
16:21:58.782 9.8454 -0.0204 0.0642 -0.0003 -0.0032 0.0019
16:21:58.803 9.843 -0.0144 0.0151 -0.0003 -0.0022 -0.0003
16:21:58.820 9.8346 -0.0227 0.0403 0.0007 -0.0022 -0.0013
16:21:58.841 9.8179 -0.0359 0.0414 0.0007 -0 -0.0013
16:21:58.859 9.8251 -0.0323 -0.016 0.0018 0.0042 0.0029
16:21:58.879 9.8143 -0.0108 -0.016 0.0007 0.0074 0.0019
16:21:58.901 9.8358 -0.0072 0.0462 -0.0014 0.0021 0.004
16:21:58.920 9.8418 -0.0108 0.0582 -0.0003 -0.0022 0.0008
16:21:58.939 9.8286 -0.012 0.063 -0.0003 -0.0032 0.0008
16:21:58.960 9.8454 -0.0251 0.0067 -0.0014 -0.0043 -0.0024
16:21:58.981 9.8322 -0.0347 -0.0376 -0.0025 -0.0054 0.0008
16:21:58.999 9.8227 -0.0383 -0.0088 -0.0014 -0.0032 -0.0003
16:21:59.022 9.8286 -0.0551 0.0498 0.0018 -0 -0.0024
16:21:59.040 9.8286 -0.0347 0.0271 0.0029 0.0064 -0.0003
16:21:59.059 9.8143 -0.0144 -0.0256 0.0029 0.0117 0.0008
16:21:59.084 9.8143 -0.0024 0.0139 0.001 0.0082 -0.0026
16:21:59.099 9.8274 -0.0299 0.0977 -0.0001 -0.0035 0.0006
16:21:59.120 9.8382 -0.0551 0.0822 -0.0022 -0.0142 0.0016
16:21:59.142 9.8322 -0.0072 0.0067 -0.0022 -0.0131 -0.0005
16:21:59.160 9.8251 0.0275 -0.0304 -0.0011 -0.0025 0.0006
16:21:59.179 9.8358 -0.0383 0.0822 -0.0011 -0.0035 0.0006
16:21:59.201 9.8442 -0.0347 0.063 -0.0043 -0.0238 0.0006
16:21:59.221 9.8502 -0.0156 0.0462 -0.0054 -0.0408 0.0016
16:21:59.239 9.8478 -0.0108 -0.0232 -0.0054 -0.0419 0.0006
16:21:59.261 9.8191 -0.0287 -0.0316 -0.0043 -0.0334 -0.0005
16:21:59.281 9.8227 -0.0539 0.063 -0.0033 -0.0355 -0.0016
16:21:59.299 9.8274 -0.0311 -0.0076 -0.0022 -0.0387 0.0006
16:21:59.324 9.8167 -0.0263 -0.0388 -0.0022 -0.0355 0.0016
16:21:59.346 9.8526 -0.0431 -0.0052 -0.0001 -0.0366 -0.0016
16:21:59.361 9.8239 -0.0359 0.0079 -0.0001 -0.0408 -0.0037
16:21:59.468 9.8466 -0.0204 -0.1118 -0.0011 -0.0302 -0.0005
16:21:59.473 9.8059 -0.0443 -0.1321 -0.0022 -0.0131 -0.0005
16:21:59.479 9.8514 -0.0455 0.0007 -0.0011 -0.0078 -0.0005
16:21:59.484 9.837 -0.0383 0.0355 -0.0011 -0.0195 -0.0058
16:21:59.488 9.843 0.0156 0.0462 -0.0001 -0.0366 -0.0026
16:21:59.492 9.8155 0.0383 -0.0172 -0.0022 -0.0419 -0.0005
16:21:59.502 9.8059 0.006 -0.0878 -0.0022 -0.0291 -0.0005
16:21:59.520 9.8454 -0.0407 -0.1704 -0.0011 -0.0046 -0.0026
16:21:59.541 9.8478 -0.0646 -0.0184 -0.0011 -0.0163 -0.0048
16:21:59.561 9.8705 -0.5315 0.1145 -0.0001 -0.0611 -0.0122
16:21:59.585 9.8406 -0.589 0.2629 -0.0022 -0.1356 -0.0069
16:21:59.598 9.8179 -0.7302 0.1193 -0.0022 -0.1889 -0.0026
16:21:59.620 9.8071 -0.668 -0.1489 -0.0001 -0.1921 0.0016
16:21:59.639 9.7987 -0.6644 -0.4685 -0.0001 -0.1378 0.0059
16:21:59.659 9.8167 -0.7314 -0.6385 -0.0022 -0.0472 0.007
16:21:59.679 9.8239 -0.8152 -0.6876 -0.0043 0.054 0.0048
16:21:59.697 9.8143 -0.8248 -0.5942 -0.0054 0.1328 0.0038
16:21:59.721 9.8131 -1.0008 -0.2722 -0.0043 0.168 0.0027
16:21:59.740 9.849 -1.1157 -0.2135 -0.0043 0.1903 0.0027
16:21:59.758 9.8741 -0.8236 -0.1848 -0.0043 0.2063 -0.0016
16:21:59.778 9.8526 -1.0451 -0.1633 -0.0086 0.2127 0.0027
16:21:59.799 9.8741 -0.905 0.3467 -0.0043 0.1509 -0.0016
16:21:59.820 9.77 -1.0894 0.4616 -0.0001 0.0689 0.0016
16:21:59.837 9.8741 -0.7542 0.3347 0.0021 0.022 0.0006
16:21:59.859 9.8263 -0.559 -0.0783 0.0031 0.0412 -0.0037
16:21:59.877 9.8179 -0.5794 -0.3213 0.001 0.1009 -0.0069
16:21:59.897 9.8227 -0.7398 -0.0579 -0.0001 0.1179 -0.0037
16:21:59.918 9.8933 -0.6213 0.7142 0.001 0.0135 -0.0048
16:21:59.938 9.8526 -0.5303 0.6723 0.0031 -0.1122 -0.0058
16:21:59.958 9.8454 -0.4345 0.2521 0.0042 -0.1708 -0.008
16:21:59.979 9.8131 -0.5363 0.057 0.0021 -0.1836 -0.0037
16:21:59.997 9.8131 -0.5962 0.1157 0.0021 -0.2038 -0.0005
16:22:00.018 9.8777 -0.5207 0.1372 -0.0001 -0.239 -0.0026
16:22:00.040 9.8334 -0.3974 -0.0076 0.0021 -0.2592 -0.009
16:22:00.057 9.7915 -0.4537 -0.2159 -0.0011 -0.2539 -0.0058
16:22:00.077 9.8119 -0.419 -0.1788 -0.0001 -0.2464 -0.0101
16:22:00.098 9.8897 -0.3579 -0.4434 -0.0001 -0.2134 -0.0133
16:22:00.120 10.0106 -0.328 -0.3572 -0.0001 -0.1974 -0.0271
16:22:00.137 9.4192 -0.8212 -0.1645 -0.0054 -0.2379 0.0123
16:22:00.159 9.9065 -0.4322 -0.3428 -0.0075 -0.2453 0.0048
16:22:00.187 9.8358 -0.4369 -0.4781 -0.0065 -0.2347 0.0016
16:22:00.199 9.7772 -0.4501 -0.3704 -0.0054 -0.2485 0.0048
16:22:00.221 9.8454 -0.3232 -0.253 -0.0075 -0.3071 0.0027
16:22:00.238 9.8143 -0.2586 -0.1585 -0.0075 -0.3934 0.007
16:22:00.257 9.7939 -0.0958 -0.4278 -0.0054 -0.4296 0.008
16:22:00.279 9.8215 0.1149 -0.9414 -0.0054 -0.3923 0.0048
16:22:00.296 9.7844 -0.0515 -0.9677 -0.0075 -0.3721 0.0016
16:22:00.317 9.7484 -0.2538 -0.696 -0.0043 -0.4041 0.0091
16:22:00.338 9.7568 -0.2035 -0.8791 -0.0001 -0.4126 0.0123
16:22:00.357 9.7879 -0.1664 -1.4298 0.001 -0.3465 0.007
16:22:00.376 9.7939 -0.231 -1.3209 0.0031 -0.2933 0.0016
16:22:00.398 9.7808 -0.3124 -1.1832 0.0042 -0.2826 -0.0005
16:22:00.416 9.7365 -0.1903 -1.4908 0.0042 -0.2283 -0.0005
16:22:00.436 9.7365 0.0072 -1.984 0.001 -0.1069 -0.0016
16:22:00.458 9.7712 0.1879 -1.6441 0.001 -0.0355 -0.0058
16:22:00.476 9.7616 -0.0311 -1.1521 -0.0001 -0.0632 0.0016
16:22:00.496 9.7736 0.2418 -1.0072 0.0042 -0.1015 0.0048
16:22:00.517 9.7568 0.5495 -1.82 0.0021 -0.0195 -0.0016
16:22:00.536 9.7628 0.595 -1.8595 -0.0001 0.0732 -0.0058
16:22:00.556 9.7879 0.4178 -1.0204 0.0021 0.0284 -0.0058
16:22:00.578 9.7891 0.1425 -0.6313 0.0031 -0.0834 -0.0037
16:22:00.595 9.7736 0.1101 -1.2981 0.0031 -0.1026 -0.0037
16:22:00.616 9.7748 0.0551 -1.6058 0.001 -0.0589 -0.0058
16:22:00.637 9.7544 -0.0754 -1.4286 0.001 -0.0408 -0.0058
16:22:00.656 9.7592 -0.2502 -1.4394 -0.0001 -0.0184 -0.0037
16:22:00.676 9.7293 -0.4022 -1.7147 -0.0001 0.0402 -0.0026
16:22:00.697 9.7532 -0.4393 -1.6141 -0.0022 0.0966 -0.008
16:22:00.716 9.7604 -0.5088 -1.5303 -0.0065 0.1307 -0.009
16:22:00.736 9.764 -0.3112 -1.2035 -0.0022 0.1158 -0.0048
16:22:00.757 9.7999 0.0587 -0.9665 0.001 0.054 -0.0037
16:22:00.783 9.7772 0.1317 -1.0252 0.001 0.0029 -0.008
16:22:00.797 9.7856 0.2478 -1.3364 -0.0001 0.0061 -0.008
16:22:00.819 9.7484 0.3005 -1.6824 0.001 0.0764 -0.009
16:22:00.839 9.7389 0.4561 -1.7434 0.0031 0.1733 -0.0101
16:22:00.857 9.7425 0.4286 -1.771 -0.0001 0.2745 -0.008
16:22:00.878 9.7688 0.4645 -1.5746 -0.0043 0.3597 -0.0154
16:22:00.896 9.758 0.407 -1.4442 -0.0075 0.4173 -0.0229
16:22:00.917 9.7688 0.3472 -0.8995 -0.0096 0.3991 -0.0207
16:22:00.938 9.7975 0.316 -0.4398 -0.0065 0.3097 -0.0122
16:22:00.956 9.7652 0.2526 -0.2614 -0.0011 0.1957 -0.0069
16:22:00.977 9.7915 0.1927 -0.3141 0.0031 0.0923 -0.0048
16:22:00.997 9.8227 0.2598 -0.2901 0.0031 -0.0152 0.0016
16:22:01.017 9.8382 0.3519 -0.0184 0.0053 -0.1569 0.0006
16:22:01.037 9.8179 0.2502 -0.3955 0.0074 -0.2432 0.0027
16:22:01.059 9.7891 0.2203 -1.1916 0.0063 -0.2102 0.0016
16:22:01.076 9.7915 0.2873 -1.5052 0.0031 -0.1047 -0.0026
16:22:01.095 9.7652 0.2382 -1.5986 0.001 0.0252 -0.0037
16:22:01.117 9.7496 0.3172 -1.6393 -0.0054 0.1552 0.0006
16:22:01.138 9.8203 0.4094 -1.3879 -0.0086 0.2543 -0.0016
16:22:01.156 9.7927 0.3771 -1.194 -0.0086 0.3171 -0.0048
16:22:01.178 9.7939 0.3974 -0.7546 -0.0043 0.3192 -0.0037
16:22:01.195 9.8023 0.3472 -0.4039 -0.0022 0.2628 -0.0026
16:22:01.215 9.8406 0.31 -0.4398 -0.0022 0.217 -0.0026
16:22:01.239 9.8023 0.3124 -0.7666 -0.0065 0.2223 -0.0069
16:22:01.255 9.8143 0.3651 -0.5044 -0.0086 0.2127 -0.0069
16:22:01.275 9.8035 0.1688 -0.3033 -0.0054 0.1584 -0.0026
16:22:01.296 9.8334 0.1293 -0.0699 0.0021 0.0732 -0.0005
16:22:01.315 9.8155 0.0515 -0.3727 0.001 0.0348 -0.0016
16:22:01.340 9.8334 0.0479 -0.6289 -0.0022 0.0508 -0.0048
16:22:01.357 9.8358 0.0958 -0.6313 -0.0054 0.0732 -0.008
16:22:01.376 9.8334 0.0838 -0.5942 -0.0054 0.087 -0.0026
16:22:01.395 9.8251 0.1257 -0.5679 -0.0065 0.103 -0.0048
16:22:01.417 9.8011 0.1987 -0.5595 -0.0075 0.1179 -0.0048
16:22:01.436 9.8394 0.2059 -0.3201 -0.0054 0.1019 -0.0037
16:22:01.454 9.8693 0.407 -0.0974 -0.0022 0.0551 -0.0026
16:22:01.477 9.849 0.4322 -0.2794 0.001 0.0252 -0.0005
16:22:01.495 9.8191 0.3699 -0.4685 0.001 0.0391 -0.0048
16:22:01.515 9.831 0.2502 -0.6301 -0.0033 0.0849 -0.0037
16:22:01.539 9.8131 0.3124 -0.5296 -0.0022 0.1318 -0.0037
16:22:01.555 9.8346 0.3005 -0.5463 -0.0022 0.1637 -0.0048
16:22:01.576 9.8394 0.0431 -0.0723 -0.0011 0.1232 -0.0037
16:22:01.596 9.855 -0.0622 0.3467 -0.0001 0.0125 -0.0026
16:22:01.616 9.8586 -0.1149 0.1564 0.001 -0.077 -0.0016
16:22:01.638 9.8322 -0.0215 -0.2171 0.0021 -0.1047 -0.0026
16:22:01.657 9.8035 0.1389 -0.2878 0.001 -0.1164 0.0006
16:22:01.675 9.8466 0.0371 -0.2794 -0.0033 -0.1282 -0.0005
16:22:01.694 9.8215 -0.3196 -0.2459 -0.0065 -0.1409 0.0048
16:22:01.716 9.8107 -0.2646 -0.3763 -0.0065 -0.1473 0.0027
16:22:01.739 9.8047 0.0754 -0.6014 -0.0086 -0.1143 -0.0037
16:22:01.755 9.8227 -0.0443 -0.7462 -0.0097 -0.06 0.0006
16:22:01.777 9.8406 -0.0467 -0.8588 -0.015 -0.0078 0.0027
16:22:01.794 9.8729 0.2526 -0.5966 -0.0128 0.0284 0.0027
16:22:01.815 9.8239 0.5387 -0.6517 -0.0107 0.0785 -0.0037
16:22:01.838 9.8382 0.7781 -0.5415 -0.0128 0.1211 -0.0026
16:22:01.855 9.8334 0.7865 -0.1645 -0.0086 0.0934 -0.0005
16:22:01.874 9.8526 0.9325 -0.1058 -0.0011 0.0295 -0.0016
16:22:01.895 9.8454 0.8918 -0.1752 0.0031 -0.0248 0.0027
16:22:01.913 9.8406 0.7829 -0.3548 0.0031 -0.0472 0.0016
16:22:01.933 9.8334 0.5064 -0.4841 0.0042 -0.0184 -0.0016
16:22:01.956 9.8095 0.2885 -0.7043 0.001 0.0433 -0.0069
16:22:01.974 9.8274 0.2298 -0.3823 0.0021 0.0561 -0.008
16:22:01.993 9.8179 0.2717 -0.1417 0.0042 0.0188 -0.0037
16:22:02.016 9.8251 0.4286 -0.265 0.0063 0.0061 -0.0048
16:22:02.033 9.8394 0.0982 -0.6804 0.0074 0.0636 -0.0069
16:22:02.052 9.8251 -0.0958 -0.7582 0.0031 0.1318 -0.0101
16:22:02.075 9.8131 -0.0694 -0.3823 0.0031 0.1424 -0.008
16:22:02.094 9.8071 0.0898 -0.4087 0.0031 0.1573 -0.0005
16:22:02.113 9.8478 0.3448 -0.5116 0.001 0.201 0.0006
16:22:02.134 9.8466 0.3352 -0.1573 0.0042 0.2021 -0.0026
16:22:02.156 9.8514 0.1616 0.057 0.0063 0.1712 -0.0016
16:22:02.173 9.7724 0.1963 -0.2255 0.0042 0.1797 0.0016
16:22:02.194 9.8167 0.3172 -0.5212 0.001 0.2404 -0.0005
16:22:02.213 9.7867 0.2682 -0.2099 -0.0033 0.2724 0.0016
16:22:02.233 9.8083 0.158 0.3599 -0.0001 0.2244 0.0038
16:22:02.257 9.8646 0.2286 0.4126 0.0031 0.1648 0.0059
16:22:02.273 9.8334 0.2717 0.0893 -0.0001 0.1456 0.0059
16:22:02.293 9.8849 0.3304 0.2785 -0.0001 0.103 0.0016
16:22:02.314 9.8442 0.1748 0.3575 0.0021 0.054 0.0016
16:22:02.333 9.8322 0.1772 0.2737 0.001 0.0231 0.0048
16:22:02.355 9.843 0.1437 0.1552 -0.0011 0.0231 0.0006
16:22:02.374 9.8394 0.1197 0.0582 -0.0043 0.0391 0.0016
16:22:02.393 9.849 0.1808 0.1959 -0.0054 0.0316 0.0016
16:22:02.412 9.8538 0.4633 0.1348 -0.0022 0.0306 -0.0048
16:22:02.435 9.9112 0.9505 0.0271 -0.0118 0.037 -0.0186
16:22:02.454 9.703 2.2182 0.5945 -0.0065 -0.0216 -0.0037
16:22:02.473 9.6982 0.5004 0.9812 0.0159 -0.0983 0.0176
16:22:02.494 9.8957 0.0395 0.0379 0.0053 -0.0887 0.008
16:22:02.512 9.8622 -0.1305 -0.2087 0.0021 -0.0397 -0.0005
16:22:02.533 9.8466 -0.0766 -0.198 -0.0011 0.0039 -0.0016
16:22:02.556 9.8179 0.0886 -0.0591 -0.0054 0.021 -0.0037
16:22:02.572 9.8526 0.152 0.4868 -0.0011 -0.027 0.0016
16:22:02.592 9.8227 0.0371 0.4401 0.0042 -0.0728 0.0016
16:22:02.614 9.8191 0.0227 -0.0412 -0.0001 -0.0579 0.0038
16:22:02.632 9.8418 0.0491 -0.1309 -0.0033 -0.0216 0.0027
16:22:02.656 9.8215 0.0778 0.0522 -0.0022 -0.0174 0.0038
16:22:02.673 9.8418 0.0599 0.1935 0.001 -0.0408 0.0027
16:22:02.692 9.8263 0.0814 0.0953 -0.0001 -0.0451 0.0006
16:22:02.712 9.8358 0.0287 0.0043 -0.0011 -0.028 0.0016
16:22:02.734 9.8251 -0.0048 -0.1046 -0.0033 -0.0003 0.0016
16:22:02.755 9.849 0.0371 0.1001 -0.0043 -0.0035 0.0038
16:22:02.771 9.8167 0.085 0.4054 -0.0022 -0.0579 0.0038
16:22:02.794 9.843 0.0599 0.4533 0.001 -0.126 0.0016
16:22:02.813 9.8358 0.0239 0.1169 0.0021 -0.1409 0.0027
16:22:02.835 9.8095 0.0599 -0.2267 -0.0001 -0.0994 0.0048
16:22:02.861 9.8346 0.0742 -0.1573 -0.0022 -0.0611 -0.0005
16:22:02.877 9.843 0.067 -0.1441 -0.0011 -0.0312 0.0016
16:22:02.896 9.8298 0.0239 -0.1896 -0.0011 0.0007 0.0016
16:22:02.913 9.8155 0.0215 -0.1525 -0.0011 0.022 -0.0005
16:22:02.931 9.8286 0.0503 0.0893 0.001 0.0093 0.0016
16:22:02.950 9.8526 0.085 0.1396 0.001 -0.0142 0.0038
16:22:02.972 9.831 0.0718 0.0031 -0.0001 -0.0184 0.0059
16:22:02.991 9.8322 0.0431 -0.1716 -0.0011 0.0007 0.0006
16:22:03.011 9.8406 0.0311 -0.0591 -0.0001 0.005 0.0016
16:22:03.032 9.8382 0.0467 0.0414 -0.0001 -0.0067 0.0048
16:22:03.052 9.8274 0.0634 0.0414 0.001 -0.0131 0.0027
16:22:03.071 9.837 0.0407 -0.1094 0.001 -0.0014 0.0038
16:22:03.092 9.8179 0.0251 -0.1381 -0.0001 0.0156 -0.0005
16:22:03.111 9.8382 0.0359 -0.0088 0.001 0.0114 0.0006
16:22:03.130 9.8454 0.0515 0.1444 0.0021 -0.0131 0.0027
16:22:03.152 9.8418 0.0551 -0.0148 0.001 -0.0152 0.0038
16:22:03.170 9.8251 0.0599 -0.1932 -0.0011 0.0029 0.0006
16:22:03.190 9.8454 0.0156 -0.0328 -0.0011 0.0007 0.0006
16:22:03.212 9.8646 0.0323 0.1396 0.001 -0.0206 0.0016
16:22:03.230 9.8406 0.0946 -0.0615 0.001 -0.0195 0.0016
16:22:03.250 9.831 0.0754 -0.1872 -0.0022 0.0039 -0.0005
16:22:03.272 9.8418 0.0539 -0.0699 -0.0022 0.0125 -0.0005
16:22:03.290 9.861 0.0323 0.0845 0.001 -0.0014 0.0048
16:22:03.311 9.837 0.067 0.045 0.0021 -0.0089 0.0059
16:22:03.331 9.837 0.0467 -0.0866 -0.0001 -0.0025 -0.0005
16:22:03.352 9.837 0.0622 -0.0567 -0.0001 0.0029 0.0048
16:22:03.370 9.8514 0.0634 0.0103 -0.0022 0.0007 0.0027
16:22:03.392 9.8215 0.0611 -0.0184 -0.0022 0.0039 0.0059
16:22:03.410 9.849 0.0347 -0.0376 -0.0011 0.0061 0.0006
16:22:03.430 9.8574 0.018 0.0869 -0.0011 -0.011 0.0027
16:22:03.452 9.8286 0.0311 0.0343 -0.0001 -0.0227 0.0006
16:22:03.473 9.8215 0.0778 -0.1501 -0.0022 -0.0035 0.0038
16:22:03.499 9.8143 0.0575 -0.1908 -0.0022 0.0199 0.0016
16:22:03.512 9.8562 -0.0012 0.0223 -0.0011 0.0125 0.0006
16:22:03.529 9.8442 0.0467 0.075 -0.0001 -0.0067 0.0038
16:22:03.550 9.8227 0.0658 -0.028 -0.0011 -0.0142 0.0016
16:22:03.573 9.8274 0.0527 -0.04 -0.0011 -0.0088 0.0038
16:22:03.590 9.8167 0.0455 -0.1824 -0.0011 0.0146 0.0038
16:22:03.611 9.8322 0.0383 -0.0962 -0.0033 0.0263 0.0006
16:22:03.631 9.8526 0.067 0.1145 -0.0011 0.005 0.0027
16:22:03.650 9.8358 0.0455 0.0762 0.001 -0.011 0.0016
16:22:03.670 9.8239 0.0575 -0.2267 -0.0001 0.0167 0.0016
16:22:03.692 9.8406 0.0527 -0.2099 -0.0022 0.0487 -0.0016
16:22:03.711 9.8418 0.0443 0.0893 -0.0022 0.0391 -0.0016
16:22:03.729 9.843 0.0539 0.3216 -0.0001 -0.0088 0.0006
16:22:03.751 9.8215 0.0431 0.1384 0.0021 -0.0302 0.0048
16:22:03.831 9.8406 0.0575 -0.1872 -0.0011 -0.0003 0.0027
16:22:03.836 9.8095 0.0347 -0.1441 -0.0033 0.0242 0.0016
16:22:03.839 9.8478 0.0215 0.0151 -0.0011 0.022 -0.0005
16:22:03.843 9.8574 0.0431 0.0869 -0.0011 0.0082 -0.0005
16:22:03.856 9.8478 0.0599 0.0391 -0.0011 -0.0025 0.0016
16:22:03.872 9.8382 0.0658 -0.0136 -0.0011 -0.0014 0.0016
16:22:03.890 9.8478 0.0611 -0.0783 -0.0011 0.0125 0.0006
16:22:03.911 9.8394 0.0431 -0.0986 -0.0011 0.0242 -0.0005
16:22:03.931 9.8382 0.0515 -0.0136 -0.0011 0.0252 0.0016
16:22:03.949 9.8274 0.0287 0.1252 -0.0011 0.0135 0.0006
16:22:03.969 9.8394 0.0551 0.1324 -0.0011 -0.0014 -0.0005
16:22:03.990 9.8454 0.0527 0.069 -0.0001 -0.0067 0.0016
16:22:04.009 9.8274 0.067 -0.0771 -0.0022 0.005 0.0027
16:22:04.030 9.831 0.0287 0.0606 -0.0022 0.0018 0.0048
16:22:04.050 9.8286 0.0192 0.1037 -0.0001 -0.0099 0.0038
16:22:04.068 9.831 0.0515 -0.0232 -0.0001 -0.0046 0.0016
16:22:04.090 9.8203 0.0575 -0.1058 -0.0011 0.0157 0.0016
16:22:04.110 9.849 0.0622 -0.0519 -0.0022 0.0252 0.0006
16:22:04.128 9.8478 0.0563 0.0654 -0.0022 0.0178 0.0006
16:22:04.149 9.8502 0.0527 0.239 0.001 -0.0089 0.0016
16:22:04.170 9.8322 0.0575 0.0582 -0.0001 -0.0142 0.0016
16:22:04.189 9.8263 0.0611 -0.1118 -0.0011 0.0071 0.0048
16:22:04.209 9.8298 0.0144 -0.0328 -0.0043 0.0167 0.0016
16:22:04.230 9.8274 0.0443 0.0798 -0.0054 0.0082 0.0038
16:22:04.248 9.8358 0.0491 0.0127 -0.0054 0.0093 0.0006
16:22:04.267 9.831 0.0515 0.0091 -0.0054 0.0188 0.0027
16:22:04.290 9.8538 0.0275 -0.1082 -0.0033 0.0455 -0.0005
16:22:04.309 9.8574 0.0335 -0.0687 -0.0043 0.0647 0.0016
16:22:04.327 9.843 0.0455 0.1612 -0.0033 0.0508 0.0016
16:22:04.350 9.8263 0.0539 0.2976 -0.0011 0.0146 0.0027
16:22:04.370 9.849 0.0563 0.2031 -0.0001 -0.0089 0.0038
16:22:04.388 9.855 0.0443 0.0438 -0.0001 -0.0025 0.0027
16:22:04.411 9.8286 0.0383 0.0355 -0.0011 0.0093 -0.0005
16:22:04.427 9.8286 0.0527 0.1456 -0.0011 -0.0025 0.0027
16:22:04.448 9.8454 0.0515 0.2043 0.001 -0.0195 0.0048
16:22:04.469 9.8466 0.0479 -0.0112 -0.0001 -0.011 0.0038
