16:15:00.202 9.84 0.0046 -0.1752 0.0039 0.0252 0.0011
16:15:00.223 9.8556 0.0118 -0.0328 0.0007 0.0081 -0.0032
16:15:00.241 9.8316 -0.0037 -0.089 -0.0004 -0.0025 -0.0021
16:15:00.262 9.8269 0.001 -0.1956 0.0017 0.006 0.0011
16:15:00.285 9.84 -0.0193 -0.0699 -0.0004 -0.0004 0.0011
16:15:00.302 9.8376 0.0034 -0.0938 -0.0036 -0.0185 0
16:15:00.322 9.8472 -0.0037 -0.2207 -0.0015 -0.0068 0
16:15:00.343 9.8304 -0.0313 -0.2662 0.0028 0.0166 0
16:15:00.364 9.8508 -0.0169 -0.0627 0.0028 0.0049 0
16:15:00.383 9.8711 -0.0073 -0.0555 -0.0004 -0.0111 0
16:15:00.404 9.8269 0.007 -0.2387 0.0007 0.0017 -0.001
16:15:00.422 9.8448 -0.0121 -0.2219 0.0028 0.0103 -0.0032
16:15:00.442 9.852 -0.0205 -0.0232 -0.0004 -0.0047 -0.001
16:15:00.468 9.8424 0.0046 -0.1429 0.0007 -0.0068 0.0011
16:15:00.483 9.8424 0.0274 -0.2147 0.0028 0.0092 0.0011
16:15:00.503 9.8448 0.0142 -0.1656 0.0039 0.0156 0
16:15:00.523 9.864 -0.042 -0.04 0.0017 0.0039 0
16:15:00.541 9.8592 -0.0253 -0.0962 0.0007 0.0007 -0.0021
16:15:00.562 9.828 -0.0109 -0.1633 0.0017 0.0103 -0.0021
16:15:00.585 9.84 0.0106 -0.1656 0.0017 0.0177 -0.001
16:15:00.602 9.828 -0.0157 -0.0699 0.0028 0.0166 0
16:15:00.621 9.8316 0.0046 -0.0723 0.0028 0.0103 0.0043
16:15:00.643 9.8556 0.001 -0.1357 0.0017 0.0049 0.0022
16:15:00.665 9.8472 -0.0193 -0.1992 0.0017 0.0103 0.0011
16:15:00.682 9.8364 -0.0133 -0.1226 0.0028 0.0134 0.0011
16:15:00.704 9.852 0.0022 -0.0998 0.0017 0.0124 -0.0021
16:15:00.722 9.846 0.0238 -0.2506 0.0028 0.0316 0.0022
16:15:00.742 9.8436 -0.0109 -0.2028 0.006 0.0518 -0.001
16:15:00.766 9.8364 -0.066 -0.0423 0.006 0.0401 0.0011
16:15:00.783 9.84 -0.0313 0.0007 0.0039 0.0156 0.0011
16:15:00.801 9.8316 0.001 -0.04 0.0028 0.0081 0
16:15:00.823 9.8161 0.013 -0.1369 0.0039 0.0209 -0.0032
16:15:00.840 9.8508 -0.0265 -0.1285 0.0039 0.0379 0
16:15:00.863 9.8508 -0.0049 -0.0507 0.0049 0.0337 0.0011
16:15:00.882 9.8388 0.0214 0.0271 0.0028 0.0124 0.0011
16:15:00.901 9.846 0.0561 -0.028 0.0007 0.0028 0
16:15:00.921 9.8448 0.0262 -0.1285 0.0017 0.0145 -0.001
16:15:00.942 9.8316 0.0034 -0.1453 0.0028 0.0316 -0.001
16:15:00.962 9.8544 -0.0037 -0.1118 0.0028 0.0401 0
16:15:00.983 9.8328 -0.0001 -0.0388 0.0028 0.0411 0
16:15:01.002 9.864 -0.0145 0.0079 0.0017 0.0337 0.0032
16:15:01.021 9.8257 -0.048 0.0103 0.0028 0.022 0.0022
16:15:01.040 9.8388 -0.0265 -0.0447 0.0028 0.0188 0.0022
16:15:01.064 9.8508 0.0202 0.0019 0.0028 0.0177 -0.001
16:15:01.080 9.8544 0.031 0.0175 0.0028 0.0103 -0.0032
16:15:01.101 9.8592 -0.0097 0.0007 0.0017 0.0049 -0.001
16:15:01.122 9.8364 -0.0217 -0.1178 0.0028 0.0145 0
16:15:01.140 9.8376 0.0477 -0.1812 0.0039 0.0422 0
16:15:01.163 9.8388 0.0262 -0.0435 0.0039 0.0539 0.0032
16:15:01.182 9.8771 -0.0301 0.2198 0.0028 0.0156 0.0032
16:15:01.201 9.8592 0.0022 0.1612 -0.0015 -0.0153 0.0022
16:15:01.221 9.8269 0.0298 -0.1477 0.0017 0.006 -0.001
16:15:01.241 9.8436 0.0334 -0.0412 0.0028 0.0188 -0.001
16:15:01.261 9.8532 -0.0325 0.1264 0.0007 -0.0036 0.0043
16:15:01.280 9.8496 -0.0277 -0.0316 0.0007 -0.0025 -0.001
16:15:01.303 9.8532 -0.0085 -0.1333 0.0039 0.0198 0.0011
16:15:01.321 9.8711 0.0034 -0.0184 0.0017 0.022 0.0022
16:15:01.339 9.852 -0.0217 0.0606 0.0007 0.006 0.0011
16:15:01.363 9.84 -0.0229 0.0319 0.0007 -0.0047 0.0011
16:15:01.379 9.8185 0.0358 -0.0759 0.0007 0.0028 0.0011
16:15:01.401 9.8436 0.0226 0.0019 0.0017 0.0039 -0.001
16:15:01.421 9.8676 -0.0253 0.1288 0.0007 -0.0068 0.0011
16:15:01.439 9.8257 -0.0397 0.0079 0.0007 -0.01 0.0011
16:15:01.460 9.8304 0.0118 -0.0579 -0.0004 -0.0036 0.0011
16:15:01.482 9.8664 0.0106 -0.0196 -0.0004 -0.0068 0
16:15:01.500 9.8364 -0.0085 0.0426 -0.0004 -0.0079 0.0022
16:15:01.521 9.852 -0.0073 -0.0579 0.0017 0.0017 0.0011
16:15:01.540 9.8424 0.0166 -0.1202 0.0039 0.0156 0.0011
16:15:01.560 9.8388 0.0058 0.0678 0.0007 0.0039 0.0022
16:15:01.579 9.8544 -0.0121 0.0869 -0.0015 -0.0153 0.0032
16:15:01.602 9.8292 -0.0193 -0.0783 0.0007 -0.0079 -0.001
16:15:01.622 9.828 0.007 -0.1656 0.0049 0.0145 -0.0032
16:15:01.639 9.8388 -0.0145 0.0247 0.0028 0.0103 0
16:15:01.663 9.8436 -0.0061 0.1085 -0.0015 -0.01 0.0043
16:15:01.678 9.8484 -0.0073 -0.0028 -0.0004 -0.0111 0.0011
16:15:01.701 9.8292 -0.0289 -0.1046 0.0017 0.0017 0.0011
16:15:01.722 9.8436 -0.0504 -0.0986 0.0017 0.0103 0.0043
16:15:01.738 9.8269 -0.0085 0.0163 0.0017 0.0103 0.0022
16:15:01.759 9.846 0.0214 0.1037 0.0007 -0.0047 0
16:15:01.781 9.8173 0.0202 -0.0651 -0.0015 -0.0025 0.0022
16:15:01.801 9.834 -0.0205 -0.1285 0.0017 0.0134 -0.0021
16:15:01.821 9.8436 -0.0013 0.0067 0.0039 0.0113 0.0022
16:15:01.840 9.8472 -0.0037 0.0762 0.0007 -0.0025 0.0011
16:15:01.859 9.8508 0.0118 0.0007 0.0007 -0.0004 0
16:15:01.880 9.846 0.0094 -0.0819 0.0028 0.0156 0
16:15:01.902 9.8436 -0.0325 -0.0148 0.0007 0.0316 0.0011
16:15:01.921 9.8412 -0.0025 0.0151 0.0017 0.0454 -0.001
16:15:01.938 9.8316 0.0046 0.069 0.0017 0.0401 0.0011
16:15:01.962 9.8316 -0.0109 0.0929 0.0007 0.0284 0
16:15:01.982 9.8472 -0.0025 0.0043 0.0007 0.0284 0
16:15:02.001 9.8424 -0.0133 0.1001 0.0007 0.022 -0.001
16:15:02.021 9.8508 0.001 0.1516 -0.0004 -0.0004 0.0022
16:15:02.038 9.84 0.0154 -0.0088 -0.0004 -0.0036 0.0022
16:15:02.058 9.852 -0.0205 -0.0148 0.0007 0.006 0.0011
16:15:02.083 9.8544 -0.0133 0.0929 0.0007 -0.0004 0
16:15:02.100 9.8508 0.0058 0.063 0.0007 -0.0057 0
16:15:02.120 9.8424 0.0034 -0.0902 0.0017 0.006 -0.001
16:15:02.139 9.8448 -0.0349 -0.0052 0.0028 0.0124 0.0022
16:15:02.158 9.84 -0.0265 0.1013 0.0017 0.0007 0
16:15:02.180 9.8448 0.0094 0.0869 -0.0004 -0.0057 0.0011
16:15:02.200 9.846 0.0178 -0.0902 0.0017 0.0092 0
16:15:02.220 9.8364 -0.0325 0.0283 0.0028 0.0166 -0.0021
16:15:02.239 9.8544 -0.0157 0.1683 0.0007 -0.0015 -0.0021
16:15:02.262 9.84 0.0118 0.1001 -0.0015 -0.0142 -0.001
16:15:02.281 9.8472 -0.0001 -0.0423 0.0007 -0.0015 0.0011
16:15:02.299 9.8448 -0.0397 -0.0483 0.0028 0.0113 0.0043
16:15:02.322 9.8436 -0.0265 0.0283 0.0017 0.0081 0.0043
16:15:02.338 9.8496 0.0178 0.1133 -0.0004 -0.0036 0.0032
16:15:02.358 9.8508 0.0154 0.0247 -0.0004 -0.0079 0.0022
16:15:02.380 9.8304 -0.0001 0.0055 -0.0004 -0.0015 -0.0021
16:15:02.400 9.8508 -0.0241 -0.0471 0.0017 0.0103 0
16:15:02.421 9.8424 -0.0265 0.0474 0.0028 0.0071 0.0011
16:15:02.439 9.84 0.0094 0.1097 -0.0004 -0.01 0.0011
16:15:02.456 9.8604 -0.0025 0.0558 -0.0015 -0.0121 0.0011
16:15:02.478 9.8484 0.0082 -0.083 0.0017 0.006 -0.001
16:15:02.501 9.8424 0.0022 -0.0256 0.0028 0.0124 -0.0021
16:15:02.520 9.8448 0.0082 0.1073 -0.0004 -0.0068 0
16:15:02.538 9.84 0.007 0.0582 -0.0025 -0.0185 -0.001
16:15:02.559 9.8269 0.0166 -0.0459 -0.0015 -0.0057 0.0022
16:15:02.577 9.8376 -0.0277 -0.0471 0.0017 0.0071 0
16:15:02.598 9.8364 -0.0588 0.0091 0.0028 0.0103 -0.001
16:15:02.621 9.8388 -0.0037 0.0115 0.0028 0.006 -0.0021
16:15:02.637 9.8197 -0.0061 -0.0088 0.0028 0.0092 -0.0032
16:15:02.656 9.8173 -0.0217 0.0043 0.0028 0.0145 0
16:15:02.679 9.8149 0.001 0.0139 0.0028 0.0145 0.0043
16:15:02.700 9.8436 0.0166 0.0702 0.0007 0.0028 0.0032
16:15:02.717 9.8376 0.0202 0.057 -0.0025 -0.01 0
16:15:02.738 9.846 0.019 -0.0412 -0.0015 -0.0036 0.0011
16:15:02.756 9.828 0.0202 -0.0579 0.0017 0.0145 -0.001
16:15:02.776 9.8448 0.0022 0.0498 0.0028 0.0092 0.0011
16:15:02.799 9.8376 -0.0133 0.2007 -0.0015 -0.0132 -0.001
16:15:02.817 9.846 -0.0181 0.0151 -0.0025 -0.0111 0.0011
16:15:02.836 9.8388 -0.0193 -0.107 0.0007 0.0092 0.0011
16:15:02.857 9.8484 -0.0193 0.1121 0.0017 -0.0004 0
16:15:02.876 9.8448 -0.0097 0.063 0.0007 -0.0057 0.0011
16:15:02.897 9.846 -0.0181 -0.0579 0.0028 0.0071 -0.001
16:15:02.919 9.8592 -0.0409 0.0534 -0.0004 -0.0004 0
16:15:02.935 9.8472 -0.0468 0.0738 -0.0015 -0.0121 -0.0021
16:15:02.955 9.8125 -0.0109 -0.0531 -0.0004 -0.0025 -0.0021
16:15:02.977 9.834 -0.0133 -0.0483 0.0028 0.0135 0
16:15:02.996 9.8532 0.001 0.051 0.0028 0.0071 -0.001
16:15:03.016 9.8316 -0.0085 0.0857 -0.0004 -0.0068 0
16:15:03.038 9.8328 0.0082 -0.0555 0.0007 0.0007 0
16:15:03.055 9.8316 0.007 -0.0615 0.0049 0.0198 0.0022
16:15:03.076 9.8723 -0.0073 -0.0435 0.006 0.0284 -0.001
16:15:03.099 9.8699 0.019 0.0403 -0.0014 0.0121 -0.003
16:15:03.117 9.8556 -0.0049 0.0893 -0.0014 -0.0081 -0.0009
16:15:03.136 9.834 -0.0049 0.0043 0.0007 -0.0039 0.0023
16:15:03.157 9.8245 -0.0145 -0.034 0.0007 0.0068 0.0023
16:15:03.176 9.8532 -0.0121 0.0798 0.0007 -0.0017 0.0013
16:15:03.197 9.8269 -0.0049 0.1145 -0.0014 -0.0103 -0.0009
16:15:03.224 9.8364 -0.0013 -0.0172 -0.0004 -0.0028 -0.0009
16:15:03.238 9.8388 0.0106 -0.034 0.0007 0.0047 0.0013
16:15:03.258 9.8592 0.0154 0.0259 -0.0004 -0.0017 0.0045
16:15:03.277 9.8604 -0.0013 0.0857 -0.0025 -0.0103 -0.0009
16:15:03.297 9.8436 -0.0073 0.0103 -0.0014 -0.0071 -0.0009
16:15:03.316 9.8448 -0.0013 -0.0208 -0.0004 -0.0007 -0.003
16:15:03.337 9.8472 -0.0109 0.0163 -0.0004 -0.0028 0.0034
16:15:03.355 9.8508 -0.0061 0.0893 -0.0025 -0.0103 -0.0009
16:15:03.375 9.8388 -0.0049 0.0522 -0.0025 -0.0145 0.0013
16:15:03.397 9.8292 0.001 0.0055 -0.0014 -0.0134 0.0002
16:15:03.416 9.834 0.0058 0.075 -0.0014 -0.0177 0.0013
16:15:03.435 9.8556 -0.0013 0.0594 -0.0025 -0.0198 0.0023
16:15:03.456 9.846 -0.0217 0.0091 -0.0025 -0.0177 0.0034
16:15:03.475 9.8376 0.0106 -0.0783 -0.0014 -0.0081 0.0013
16:15:03.494 9.8352 0.007 -0.0304 -0.0004 -0.0017 0.0002
16:15:03.517 9.846 -0.0049 -0.004 0.0007 -0.0007 -0.0019
16:15:03.535 9.8388 0.0034 0.0295 -0.0004 -0.0049 0.0023
16:15:03.555 9.8472 -0.0109 0.0331 -0.0025 -0.0103 0.0002
16:15:03.576 9.8556 0.0082 0.0151 -0.0014 -0.0071 -0.0009
16:15:03.598 9.8436 0.007 -0.0507 0.0007 0.0036 0.0002
16:15:03.615 9.8556 0.0286 0.0175 0.0007 0.0015 0.0034
16:15:03.637 9.8484 0.0142 0.075 -0.0014 -0.0113 0.0002
16:15:03.654 9.8472 -0.0013 0.0235 -0.0025 -0.0145 0.0002
16:15:03.674 9.8436 -0.0217 -0.0603 -0.0025 -0.0071 0.0013
16:15:03.696 9.846 -0.0313 -0.04 0.0007 0.0025 0.0023
16:15:03.714 9.8472 -0.0061 -0.0076 -0.0004 0.0015 0.0013
16:15:03.735 9.8616 -0.0217 0.0546 -0.0004 -0.006 0.0013
16:15:03.756 9.852 -0.0025 0.0283 -0.0014 -0.006 0.0023
16:15:03.776 9.8544 0.013 -0.0603 0.0007 0.0015 0.0013
16:15:03.800 9.8472 -0.0085 0.0163 -0.0004 -0.0017 -0.0009
16:15:03.819 9.8568 -0.0145 0.0019 -0.0014 -0.0081 0.0002
16:15:03.835 9.8436 -0.0073 0.0139 -0.0014 -0.0081 0.0013
16:15:03.855 9.8532 0.0166 -0.0304 -0.0014 -0.0028 0.0002
16:15:03.876 9.8424 -0.0001 -0.0435 0.0007 0.0036 0.0002
16:15:03.899 9.8316 -0.0133 0.0522 0.0007 0.0015 0.0013
16:15:03.915 9.8412 -0.0097 0.0307 -0.0004 -0.0049 -0.003
16:15:03.937 9.8364 0.0178 -0.0076 -0.0004 -0.0017 0.0013
16:15:03.954 9.8436 -0.0169 -0.0723 -0.0004 0.0047 -0.0009
16:15:03.976 9.84 0.007 0.0247 -0.0004 0.0025 -0.0019
16:15:03.996 9.8496 -0.0169 0.0355 -0.0004 -0.0028 -0.0009
16:15:04.015 9.8628 0.0034 -0.0471 -0.0004 0.0015 0.0002
16:15:04.034 9.84 0.0058 -0.0148 0.0018 0.0047 0.0013
16:15:04.056 9.8424 -0.0061 0.045 0.0018 0.0004 0.0045
16:15:04.074 9.8436 0.0106 0.0043 -0.0004 -0.0017 0.0013
16:15:04.094 9.8245 -0.0133 -0.016 -0.0004 0.0004 0.0002
16:15:04.115 9.8364 0.0034 0.0271 -0.0004 0.0004 -0.0019
16:15:04.134 9.8364 -0.0289 0.0019 -0.0004 -0.0039 -0.0009
16:15:04.154 9.8472 0.0034 -0.0076 0.0007 -0.0028 0.0013
16:15:04.175 9.8424 -0.0277 -0.0483 -0.0004 0.0015 0.0034
16:15:04.193 9.864 -0.0373 0.0391 -0.0004 -0.0039 0.0013
16:15:04.213 9.852 -0.0037 0.0391 -0.0004 -0.0081 -0.0009
16:15:04.235 9.8233 0.0214 -0.04 0.0007 0.0004 0.0013
16:15:04.254 9.84 0.013 -0.0519 0.0007 0.0047 0.0002
16:15:04.273 9.846 -0.0289 0.0893 -0.0004 -0.0039 0.0002
16:15:04.295 9.8532 -0.0217 0.0654 -0.0014 -0.0124 0.0002
16:15:04.313 9.8436 0.0154 -0.0819 -0.0014 -0.006 0.0023
16:15:04.334 9.8472 0.0046 -0.101 -0.0004 0.0057 0.0013
16:15:04.355 9.8352 -0.0217 0.0498 0.0018 0.0036 0.0002
16:15:04.373 9.8592 -0.0145 0.0594 -0.0004 -0.0049 0.0013
16:15:04.393 9.846 0.025 -0.0388 -0.0004 -0.0039 -0.0019
16:15:04.415 9.834 0.0238 -0.0866 0.0007 0.0057 -0.0019
16:15:04.433 9.8592 -0.0145 0.0558 0.0018 0.0015 0.0002
16:15:04.453 9.8412 -0.0253 0.0438 -0.0004 -0.0092 0.0023
16:15:04.474 9.846 0.0022 -0.0735 -0.0014 -0.0028 -0.0019
16:15:04.493 9.8508 0.007 -0.0807 -0.0004 0.0089 0.0023
16:15:04.512 9.8448 -0.0301 0.0678 -0.0004 -0.0007 0.0013
16:15:04.535 9.8532 -0.0229 0.0845 -0.0004 -0.0166 0.0023
16:15:04.554 9.8328 0.001 0.16 -0.0004 -0.0273 -0.003
16:15:04.575 9.84 0.0166 -0.0567 -0.0004 -0.023 -0.0019
16:15:04.598 9.846 -0.0001 -0.089 0.0007 -0.0081 -0.0009
16:15:04.618 9.8604 0.0166 -0.0148 0.0007 -0.0028 0.0034
16:15:04.633 9.84 -0.0013 0.0091 -0.0004 -0.0039 0.0002
16:15:04.654 9.8376 0.013 -0.0687 -0.0004 0.0047 -0.0009
16:15:04.672 9.846 -0.0109 0.0462 0.0007 -0.0017 -0.0009
16:15:04.693 9.8592 -0.0301 0.0726 -0.0014 -0.0145 0.0013
16:15:04.714 9.8532 -0.0013 -0.0603 -0.0014 -0.0124 0.0002
16:15:04.733 9.834 0.0094 -0.0962 -0.0004 -0.0017 0.0013
16:15:04.753 9.8664 -0.0325 0.0307 0.0007 -0.0017 0.0013
16:15:04.773 9.8508 -0.0444 0.0965 0.0007 -0.0124 0.0023
16:15:04.792 9.852 -0.0217 0.1073 -0.0004 -0.0241 0.0002
16:15:04.815 9.8508 0.0238 -0.0412 -0.0025 -0.0262 0.0013
16:15:04.835 9.8436 0.0166 -0.0783 -0.0025 -0.0209 -0.0009
16:15:04.853 9.852 -0.0241 -0.0519 -0.0014 -0.0166 -0.0041
16:15:04.872 9.8029 -0.0145 0.0043 -0.0014 -0.0198 -0.0041
16:15:04.894 9.8352 0.0226 -0.095 -0.0014 -0.0145 0.0002
16:15:04.912 9.8316 0.0082 -0.095 -0.0014 -0.006 -0.0009
16:15:04.932 9.8532 -0.0253 0.0235 -0.0014 -0.0103 0.0013
16:15:04.955 9.8352 -0.0013 -0.0148 -0.0025 -0.0156 0.0002
16:15:04.971 9.8292 -0.0061 -0.095 -0.0025 -0.0092 -0.0019
16:15:04.992 9.8544 -0.0193 -0.1656 0.0018 0.0068 0.0002
16:15:05.013 9.84 0.001 -0.0184 0.0028 0.0079 0.0002
16:15:05.032 9.8556 0.001 -0.0136 0.0007 -0.0017 -0.0009
16:15:05.052 9.8532 0.0058 -0.0807 0.0007 0.0036 0.0013
16:15:05.073 9.8269 -0.0109 -0.1058 0.0039 0.0121 0.0013
16:15:05.091 9.864 -0.0073 -0.0244 0.0018 0.0047 -0.0009
16:15:05.112 9.8436 -0.0025 0.0283 -0.0014 -0.0071 0.0002
16:15:05.133 9.8508 0.0118 -0.0974 0.0007 0.0015 0.0002
16:15:05.152 9.8628 -0.0073 -0.0531 0.0018 0.0089 0.0002
16:15:05.173 9.852 0.0082 0.0319 0.0007 -0.0007 0.0023
16:15:05.198 9.8316 0.0046 -0.0771 -0.0004 0.0025 -0.0019
16:15:05.216 9.8484 0.0046 -0.0926 0.0028 0.0142 0.0023
16:15:05.232 9.8496 -0.0145 -0.0232 0.0018 0.0111 0.0013
16:15:05.254 9.8604 0.0178 0.081 -0.0004 -0.006 0.0034
16:15:05.271 9.8304 0.0202 -0.0531 -0.0014 -0.0071 0.0013
16:15:05.292 9.8436 -0.0001 -0.174 0.0028 0.0132 -0.0019
16:15:05.313 9.852 -0.0109 -0.0555 0.0028 0.0185 -0.003
16:15:05.332 9.846 -0.0037 -0.0292 0.0018 0.0079 0.0002
16:15:05.353 9.8448 0.013 0.0007 -0.0004 -0.0049 -0.0009
16:15:05.373 9.834 -0.0133 -0.0783 0.0018 0.0004 0.0002
16:15:05.391 9.8687 -0.0049 -0.1214 0.0018 0.0132 -0.003
16:15:05.412 9.8592 -0.0025 -0.0842 0.0018 0.0196 0.0034
16:15:05.434 9.834 -0.0121 0.0103 0.0018 0.0174 -0.0009
16:15:05.452 9.8532 0.0154 0.0738 0.0007 0.0057 0.0002
16:15:05.471 9.8424 0.0022 0.0331 -0.0004 -0.0028 -0.0019
16:15:05.493 9.8388 0.0118 -0.04 -0.0004 0.0004 -0.0009
16:15:05.513 9.8472 -0.0001 -0.0064 0.0007 0.0025 0.0023
16:15:05.531 9.8484 0.013 0.0163 -0.0004 -0.0017 -0.0009
16:15:05.554 9.8484 0.001 0.0007 -0.0014 -0.0071 -0.003
16:15:05.571 9.8376 0.007 -0.0531 -0.0004 -0.0017 -0.0009
16:15:05.590 9.8484 -0.0145 -0.0292 0.0007 0.0025 0.0002
16:15:05.612 9.8496 0.0034 0.0498 -0.0014 -0.006 0.0013
16:15:05.632 9.8687 -0.0097 0.0223 -0.0014 -0.0124 -0.0009
16:15:05.653 9.8364 -0.0061 -0.0854 -0.0004 -0.0039 -0.0009
16:15:05.672 9.8388 0.0082 -0.0639 -0.0004 -0.0007 -0.0009
16:15:05.690 9.8328 0.025 0.0031 -0.0004 -0.0017 0.0002
16:15:05.710 9.8687 -0.0037 0.0426 -0.0014 -0.0071 0.0023
16:15:05.733 9.8568 -0.0121 0.057 -0.0014 -0.0113 0.0002
16:15:05.752 9.8424 0.0154 -0.1022 -0.0004 -0.0028 -0.0019
16:15:05.770 9.8388 0.0238 -0.04 -0.0004 0.0025 -0.0019
16:15:05.793 9.846 -0.0109 0.0295 -0.0014 -0.0071 -0.003
16:15:05.809 9.8544 -0.0145 0.0498 -0.0025 -0.0145 -0.0009
16:15:05.830 9.846 0.0058 -0.0842 -0.0014 -0.0092 -0.0009
16:15:05.853 9.852 0.0058 -0.107 -0.0004 0.0025 -0.0019
16:15:05.870 9.8436 -0.0193 -0.0148 0.0007 0.0025 -0.0019
16:15:05.890 9.8592 -0.0061 0.063 -0.0014 -0.0113 0.0023
16:15:05.912 9.8496 -0.0121 -0.0471 -0.0014 -0.0103 -0.003
16:15:05.931 9.8412 0.013 -0.0771 0.0007 0.0047 -0.003
16:15:05.950 9.8532 -0.0277 -0.0256 0.0007 0.0047 0.0002
16:15:05.971 9.846 -0.0073 0.0307 -0.0014 -0.0103 0.0013
16:15:05.989 9.834 0.0046 -0.0483 -0.0025 -0.0071 0.0013
16:15:06.010 9.8269 0.0034 -0.0974 0.0007 0.0047 0.0013
16:15:06.040 9.834 0.007 0.0031 0.0007 0.0015 0.0002
16:15:06.056 9.8364 -0.0037 -0.0076 -0.0014 -0.0071 0.0002
16:15:06.071 9.8412 0.007 0.0007 -0.0014 -0.0103 -0.003
16:15:06.092 9.8364 -0.0169 -0.0304 -0.0014 -0.0092 0.0002
16:15:06.110 9.8424 -0.0109 -0.0376 -0.0004 -0.0039 0.0023
16:15:06.132 9.828 0.0178 -0.113 0.0018 0.0068 -0.0019
16:15:06.153 9.84 0.0094 0.0319 0.0007 0.0025 0.0002
16:15:06.170 9.846 -0.0301 0.0247 -0.0014 -0.0092 0.0023
16:15:06.189 9.8496 -0.0085 -0.0651 -0.0014 -0.006 0.0002
16:15:06.211 9.8448 -0.0001 -0.1166 0.0018 0.01 0.0002
16:15:06.232 9.8496 -0.0313 -0.0064 0.0018 0.0089 0.0002
16:15:06.251 9.858 -0.0193 0.1061 -0.0004 -0.0092 0.0013
16:15:06.271 9.8484 0.0058 0.0151 -0.0025 -0.0156 -0.0009
16:15:06.289 9.8376 -0.0013 -0.107 -0.0004 -0.0017 -0.0009
16:15:06.309 9.8376 -0.0097 -0.0998 0.0018 0.0079 -0.0019
16:15:06.332 9.8592 -0.0001 0.0067 0.0007 0.0015 0.0002
16:15:06.350 9.858 -0.0097 0.0163 -0.0025 -0.0103 0.0013
16:15:06.369 9.858 0.0166 -0.0447 -0.0014 -0.0039 -0.0009
16:15:06.390 9.852 -0.0085 -0.0771 0.0007 0.0068 0.0013
16:15:06.409 9.8197 -0.0037 -0.0208 0.0007 0.0036 0.0013
16:15:06.430 9.8424 0.0046 0.0151 -0.0014 -0.0049 0.0013
16:15:06.453 9.8304 -0.0025 -0.0603 -0.0004 -0.0017 0.0013
16:15:06.469 9.852 0.007 -0.0292 -0.0014 -0.0028 0.0023
16:15:06.489 9.8508 0.0094 -0.0052 -0.0025 -0.0071 0.0034
16:15:06.511 9.8592 0.001 -0.0543 -0.0014 -0.0039 0.0034
16:15:06.530 9.8472 0.0058 -0.0914 0.0007 0.0047 0.0034
16:15:06.549 9.8664 0.001 0.0163 -0.0004 -0.0028 0.0002
16:15:06.571 9.8448 -0.0133 0.0857 -0.0025 -0.0156 0.0013
16:15:06.588 9.8436 -0.0361 -0.0423 -0.0014 -0.0156 0.0002
16:15:06.608 9.8388 -0.0025 -0.1417 -0.0004 -0.006 -0.0009
16:15:06.715 9.8352 -0.0049 -0.0854 0.0007 -0.0007 -0.0009
16:15:06.721 9.8508 -0.0085 0.0534 -0.0014 -0.0113 -0.0019
16:15:06.725 9.8472 0.0358 -0.0435 -0.0004 -0.0124 -0.0009
16:15:06.731 9.852 0.0334 -0.113 -0.0004 -0.006 0.0013
16:15:06.735 9.8424 -0.0073 -0.034 -0.0004 -0.006 0.0023
16:15:06.738 9.846 -0.0169 -0.0196 -0.0014 -0.0124 0.0045
16:15:06.756 9.852 0.0034 0.0462 -0.0046 -0.0284 0.0002
16:15:06.768 9.8209 0.0046 -0.0878 -0.0036 -0.0209 0.0002
16:15:06.787 9.8233 -0.0145 -0.2075 0.0007 0.0111 0.0013
16:15:06.811 9.8376 0.0154 -0.0052 0.0007 0.0047 0.0023
16:15:06.831 9.8376 0.0262 0.0881 -0.0036 -0.0241 -0.0019
16:15:06.848 9.8508 -0.0001 -0.0795 -0.0036 -0.023 -0.0009
16:15:06.869 9.8388 -0.0145 -0.1656 -0.0014 -0.006 0.0002
16:15:06.887 9.8568 0.0178 -0.0926 -0.0014 -0.0049 0.0034
16:15:06.907 9.8472 -0.0205 -0.0208 -0.0014 -0.0081 0.0023
16:15:06.929 9.8448 -0.0157 -0.089 -0.0004 0.0004 0.0013
16:15:06.947 9.8388 -0.0229 -0.1728 0.0007 0.0174 0.0023
16:15:06.967 9.84 -0.0013 -0.034 -0.0004 0.01 0.0013
16:15:06.989 9.8484 0.0142 0.1372 -0.0068 -0.0294 0.0023
16:15:07.007 9.8568 -0.0061 0.1683 -0.0131 -0.0731 0.0002
16:15:07.027 9.8245 -0.0013 -0.1776 -0.01 -0.0593 0.0002
16:15:07.050 9.84 0.0214 -0.2363 -0.0078 -0.039 0.0002
16:15:07.068 9.8699 -0.0061 0.2809 -0.0121 -0.104 0.0013
16:15:07.087 9.8711 -0.0169 0.3551 -0.0163 -0.1988 -0.0009
16:15:07.109 9.8484 0.007 0.0127 -0.0163 -0.2382 -0.003
16:15:07.129 9.8269 0.019 -0.1836 -0.0142 -0.2467 0.0013
16:15:07.148 9.8209 0.0262 -0.0914 -0.0046 -0.2627 -0.0009
16:15:07.169 9.8209 -0.0217 -0.3859 -0.0004 -0.1892 0.0013
16:15:07.187 9.8113 -0.0181 -1.6513 0.0039 0.0654 -0.0009
16:15:07.206 9.7921 0.0202 -1.2323 0.0209 0.255 -0.0019
16:15:07.228 9.8376 -0.0229 -0.089 0.0145 0.2273 0.0023
16:15:07.247 9.9071 -0.0397 1.1033 -0.0025 -0.0071 -0.0009
16:15:07.269 9.8939 -0.0468 0.567 -0.0046 -0.185 -0.0051
16:15:07.298 9.8113 0.0022 -0.6636 -0.0025 -0.1477 -0.0041
16:15:07.308 9.8017 0.0226 -0.8827 0.005 -0.0305 0.0002
16:15:07.331 9.8269 -0.0061 -0.5727 0.005 0.0324 -0.0019
16:15:07.352 9.8556 0.001 -0.2901 0.006 0.0334 -0.0009
16:15:07.370 9.8472 -0.0013 0.0486 0.005 -0.022 -0.003
16:15:07.388 9.84 0.0046 -0.0244 0.0071 -0.0763 -0.0019
16:15:07.409 9.8245 -0.0157 -0.2423 0.0071 -0.0965 -0.003
16:15:07.427 9.8472 0.013 -0.526 0.0039 -0.071 -0.0009
16:15:07.447 9.8328 0.0082 -0.5691 0.0039 -0.0507 -0.0019
16:15:07.470 9.8652 -0.0456 -0.1082 0.006 -0.0891 -0.0062
16:15:07.488 9.9226 -0.1965 0.0007 0.0071 -0.1562 -0.0168
16:15:07.507 9.8328 -0.376 -0.2758 0.0082 -0.186 -0.0136
16:15:07.529 9.7993 -0.2563 -0.7235 0.0082 -0.1413 -0.0126
16:15:07.549 9.7957 -0.1869 -0.7235 0.006 -0.0901 -0.0062
16:15:07.568 9.8257 -0.133 -0.5858 0.0028 -0.0688 -0.0073
16:15:07.588 9.7969 -0.0373 -0.5727 0.0007 -0.0486 0.0013
16:15:07.606 9.8257 0.0753 -0.4386 -0.0004 -0.039 0.0002
16:15:07.628 9.8867 -0.2851 -0.5068 -0.0004 -0.0316 -0.0083
16:15:07.648 9.8328 -0.6035 -0.5559 0.0018 -0.0198 -0.0051
16:15:07.667 9.8316 -0.2863 -0.7187 0.0039 0.0206 -0.0062
16:15:07.687 9.8005 -0.0744 -0.8528 0.0039 0.0824 -0.0062
16:15:07.709 9.8149 -0.0528 -0.6936 0.0018 0.1229 -0.003
16:15:07.726 9.8292 -0.2444 -0.4769 -0.0014 0.1304 -0.0041
16:15:07.746 9.8328 -0.2587 -0.4434 -0.0014 0.1357 -0.003
16:15:07.769 9.7945 -0.1905 -0.5619 -0.0036 0.1613 -0.0009
16:15:07.787 9.8245 -0.1785 -0.5595 -0.0004 0.1964 0.0002
16:15:07.807 9.8448 -0.2611 -0.4565 -0.0014 0.2113 -0.003
16:15:07.831 9.8316 -0.4167 -0.3308 -0.0057 0.2113 -0.0009
16:15:07.848 9.8496 -0.4048 -0.3045 -0.0036 0.2198 -0.0062
16:15:07.867 9.785 -0.2491 -0.2506 -0.0025 0.2241 -0.0051
16:15:07.888 9.8448 -0.2695 -0.2363 0.005 0.2411 -0.003
16:15:07.906 9.7993 -0.3473 -0.2866 0.0028 0.271 -0.0019
16:15:07.927 9.8855 -0.1965 -0.1716 -0.0025 0.2859 -0.0051
16:15:07.948 9.834 -0.1366 -0.0747 -0.0036 0.2944 -0.003
16:15:07.967 9.8149 -0.0863 0.0247 -0.0004 0.2933 -0.0051
16:15:07.987 9.8843 -0.1833 0.1743 -0.0057 0.2763 -0.0115
16:15:08.007 9.9035 -0.1833 0.2162 -0.0131 0.2529 -0.0136
16:15:08.027 9.7682 0.1255 0.3419 -0.01 0.2284 -0.0136
16:15:08.046 9.8269 0.1914 0.4736 -0.0078 0.1794 -0.0115
16:15:08.068 9.8496 0.2488 0.6089 -0.0046 0.1154 -0.0073
16:15:08.087 9.8125 0.3267 0.4748 0.0028 0.0803 -0.0051
16:15:08.106 9.8328 0.3314 0.5131 0.0039 0.0441 -0.0009
16:15:08.128 9.8424 0.2465 0.6005 0.0028 -0.0156 0.0002
16:15:08.147 9.846 0.2572 0.6508 -0.0025 -0.0838 0.0055
16:15:08.166 9.8352 0.25 0.4963 -0.0025 -0.1264 0.0023
16:15:08.188 9.8364 0.1315 0.3695 0.0018 -0.1423 0.0023
16:15:08.205 9.8316 0.1411 0.2294 0.006 -0.1402 -0.0009
16:15:08.226 9.8328 0.1627 0.2474 0.005 -0.1477 0.0045
16:15:08.248 9.8472 0.0789 0.2617 -0.0004 -0.1615 -0.003
16:15:08.266 9.8556 0.0238 0.1731 0.0007 -0.1636 -0.0041
16:15:08.287 9.8292 -0.0097 0.124 0.0028 -0.1626 -0.0019
16:15:08.307 9.8556 0.0549 0.0618 0.005 -0.1509 -0.0009
16:15:08.325 9.8029 0.0872 -0.0986 0.0039 -0.1136 0.0002
16:15:08.344 9.8424 -0.0265 -0.0938 0.0028 -0.0827 -0.003
16:15:08.367 9.84 -0.1977 0.0115 0.0028 -0.0667 -0.0051
16:15:08.387 9.8269 -0.0971 -0.0028 0.0007 -0.0603 -0.0051
16:15:08.405 9.8089 0.0549 -0.1309 0.0007 -0.0369 -0.0041
16:15:08.428 9.8197 -0.0073 -0.2207 0.0007 0.0057 0.0002
16:15:08.449 9.852 -0.2396 -0.1309 0.0007 0.0388 -0.003
16:15:08.468 9.8448 -0.2839 -0.0735 -0.0014 0.0601 0.0002
16:15:08.487 9.8735 -0.151 -0.0184 -0.0036 0.0707 0.0013
16:15:08.504 9.84 -0.2515 0.069 -0.0025 0.0707 0.0013
16:15:08.524 9.8664 -0.3545 0.0702 -0.0014 0.0707 0.0002
16:15:08.546 9.8424 -0.1761 0.0055 -0.0025 0.0824 -0.0051
16:15:08.565 9.8723 -0.0373 0.0606 -0.0046 0.091 -0.0051
16:15:08.586 9.858 -0.0708 0.1875 -0.0046 0.0846 -0.003
16:15:08.606 9.8352 -0.1809 0.1624 -0.0025 0.0803 -0.003
16:15:08.624 9.846 -0.1606 0.0486 -0.0025 0.0995 -0.0009
16:15:08.644 9.8304 0.0238 0.0295 -0.0014 0.1272 -0.0019
16:15:08.667 9.8352 0.025 0.1671 -0.0014 0.1346 -0.0019
16:15:08.686 9.8316 -0.0875 0.312 -0.0004 0.124 -0.0051
16:15:08.705 9.846 -0.2527 0.3156 0.0018 0.1112 -0.003
16:15:08.727 9.8161 -0.1486 0.3383 0.0018 0.0963 -0.003
16:15:08.749 9.8472 0.0417 0.4126 0.0028 0.0686 0.0002
16:15:08.765 9.8496 -0.0839 0.4437 0.0028 0.0345 -0.0009
16:15:08.787 9.8376 -0.2791 0.3683 -0.0004 0.0111 0.0002
16:15:08.804 9.834 -0.1821 0.3467 0.0028 -0.0028 0.0002
16:15:08.823 9.84 -0.2049 0.4449 0.0082 -0.0284 0.0013
16:15:08.846 9.8424 -0.1893 0.4377 0.0028 -0.0614 0.0002
16:15:08.865 9.8568 -0.0492 0.1659 -0.0025 -0.0497 0.0002
16:15:08.885 9.8496 -0.0013 0.1073 -0.0025 -0.0092 -0.0009
16:15:08.906 9.8161 -0.0133 0.1719 0.0018 0.0217 0.0013
16:15:08.923 9.8149 0.0022 0.1695 0.0028 0.0441 0.0013
16:15:08.943 9.8185 -0.0552 0.1432 -0.0046 0.0633 0.0034
16:15:08.966 9.8436 0.1315 0.2078 -0.0014 0.0835 0.0002
16:15:08.985 9.8209 0.1399 0.3359 0.0007 0.0878 0.0013
16:15:09.004 9.8113 0.086 0.3048 -0.0025 0.0931 0.0002
16:15:09.026 9.8496 0.0118 0.1264 -0.0078 0.1282 -0.0009
16:15:09.044 9.8556 -0.0504 0.2557 -0.01 0.1591 0.0002
16:15:09.070 9.8496 -0.0277 0.488 -0.0068 0.1538 -0.003
16:15:09.087 9.8616 -0.1031 0.6328 -0.0089 0.124 -0.0073
16:15:09.105 9.7323 -0.1929 0.4485 -0.0163 0.1091 -0.0019
16:15:09.126 9.8616 0.1052 0.4329 -0.0142 0.1186 -0.0051
16:15:09.149 9.7993 0.037 0.4904 -0.0068 0.1293 -0.0009
16:15:09.170 9.8664 0.1291 0.5742 -0.0068 0.1197 0.0002
16:15:09.186 9.7802 0.092 0.6987 -0.0046 0.0963 0.0013
16:15:09.206 9.8292 0.0836 0.7825 0.0028 0.0643 0.0002
16:15:09.223 9.8292 0.0394 0.6975 0.0007 0.0356 0.0013
16:15:09.243 9.8436 -0.0468 0.6364 -0.0068 0.0196 -0.003
16:15:09.266 9.8316 0.1267 0.6615 -0.0057 0.0132 -0.0062
16:15:09.284 9.7993 0.3291 0.737 -0.0025 -0.0049 -0.003
16:15:09.303 9.834 0.4152 0.7837 -0.0036 -0.0347 0.0013
16:15:09.324 9.8436 0.2309 0.5981 -0.0046 -0.0369 -0.0019
16:15:09.342 9.8017 0.0896 0.5634 0.0039 -0.0273 0.0013
16:15:09.364 9.8101 0.2297 0.6675 0.0082 -0.0369 -0.0009
16:15:09.386 9.8328 0.2453 0.7609 0.0028 -0.0699 0.0034
16:15:09.403 9.8484 0.28 0.5634 0.0018 -0.0795 0.0034
16:15:09.422 9.8604 0.1004 0.4868 0.0039 -0.0656 0.0034
16:15:09.444 9.8269 0.0537 0.5095 0.0028 -0.0614 0.0002
16:15:09.465 9.8292 0.031 0.5418 -0.0004 -0.0646 0.0002
16:15:09.483 9.8257 -0.0397 0.5191 0.0007 -0.0646 0.0002
16:15:09.504 9.84 -0.1486 0.5311 0.0028 -0.0667 0.0013
16:15:09.521 9.8161 -0.1175 0.4916 -0.0004 -0.072 -0.0009
16:15:09.541 9.8304 0.007 0.5275 -0.0036 -0.0901 -0.0009
16:15:09.563 9.8544 0.0406 0.6508 -0.0025 -0.1242 0.0002
16:15:09.582 9.8149 -0.0061 0.5766 0.0039 -0.1509 -0.0019
16:15:09.602 9.8508 -0.0409 0.4952 0.0071 -0.1658 -0.003
16:15:09.623 9.8113 -0.0217 0.4233 0.006 -0.1796 -0.0041
16:15:09.642 9.8077 0.262 0.4102 0.006 -0.1945 0.0002
16:15:09.661 9.8388 0.1339 0.2557 0.0039 -0.1903 0.0013
16:15:09.685 9.8532 0.1016 0.1875 -0.0014 -0.1764 -0.0019
16:15:09.702 9.8328 0.1052 0.1911 -0.0014 -0.1604 -0.0051
16:15:09.721 9.828 0.1698 0.1683 0.0018 -0.1509 -0.0019
16:15:09.743 9.8101 0.1016 0.1217 -0.0004 -0.1413 0.0002
16:15:09.764 9.8269 0.1016 -0.0088 -0.0014 -0.1114 -0.0019
16:15:09.790 9.828 0.019 -0.0447 -0.0004 -0.0774 -0.0019
16:15:09.812 9.84 0.0358 0.0678 0.0007 -0.0614 0.0002
16:15:09.824 9.8269 0.0178 -0.022 0.0007 -0.0443 -0.003
16:15:09.842 9.8448 0.0489 -0.01 0.0018 -0.0262 0.0013
16:15:09.863 9.834 0.0178 0.0642 0.0018 -0.023 0.0023
16:15:09.883 9.8711 0.1339 0.1169 0.0018 -0.0337 -0.0009
16:15:09.902 9.8436 0.2345 0.1995 0.0039 -0.0401 0.0002
16:15:09.923 9.8544 0.1327 0.0151 0.0039 -0.0316 -0.0073
16:15:09.941 9.7885 0.0453 0.0414 0.0028 -0.0305 -0.0009
16:15:09.962 9.8376 0.2297 0.0917 0.0039 -0.0326 -0.0009
16:15:09.986 9.8412 0.3111 -0.0316 0.005 -0.0252 0.0045
16:15:10.002 9.9023 0.3446 0.0043 0.0028 -0.0166 -0.0019
16:15:10.021 9.834 -0.1761 -0.0974 -0.0014 0.0036 0.0002
16:15:10.043 9.8113 -0.1223 0.0199 0.0018 0.0196 -0.0019
16:15:10.063 9.8328 0.1734 0.1025 0.0028 0.0068 -0.0019
16:15:10.081 9.8412 0.3087 0.1013 -0.0004 -0.0156 -0.0019
16:15:10.104 9.8472 0.3087 0.0307 0.0039 -0.0145 -0.0009
16:15:10.121 9.9083 0.2417 0.0738 0.0071 -0.0049 -0.0041
16:15:10.141 9.7933 0.177 -0.0651 0.0028 0.0079 0.0013
16:15:10.163 9.8412 0.2824 -0.0316 -0.0014 0.0217 0.0034
16:15:10.182 9.8376 0.262 0.0522 -0.0057 0.0228 0.0045
16:15:10.202 9.84 0.2453 0.0343 -0.0014 0.027 0.0034
16:15:10.223 9.8472 0.2692 -0.0723 0.005 0.0515 -0.0019
16:15:10.241 9.8508 0.1399 -0.0052 -0.0014 0.0739 -0.0009
16:15:10.262 9.8089 -0.0397 0.081 -0.0046 0.0867 0.0034
16:15:10.285 9.8676 -0.0863 0.0343 -0.0057 0.0931 0.0002
16:15:10.303 9.8592 -0.291 0.1612 -0.0036 0.0856 -0.0009
16:15:10.322 9.852 -0.3581 0.33 -0.0025 0.0505 -0.0019
16:15:10.343 9.8328 -0.3413 0.3874 -0.0014 0.0143 0.0013
16:15:10.361 9.828 -0.0923 0.0905 -0.0036 0.0196 0.0034
16:15:10.380 9.8436 -0.0552 -0.0196 -0.0068 0.0388 0.0013
16:15:10.403 9.8676 -0.309 0.1959 -0.0057 0.0313 0.0023
16:15:10.422 9.8173 -0.1869 0.3 -0.0004 0.0153 0.0034
16:15:10.440 9.8376 0.1495 0.2545 0.0007 0.0057 0.0023
16:15:10.465 9.8209 0.1208 0.1743 -0.0036 -0.0007 0.0055
16:15:10.481 9.8592 -0.078 0.1336 -0.0036 0.0047 0.0045
16:15:10.501 9.858 -0.0612 0.1288 -0.0004 0.0068 0.0002
16:15:10.522 9.8352 -0.0253 0.2474 0.0028 0.0068 0.0034
16:15:10.540 9.8077 -0.0349 0.0833 0.0082 0.0377 0.0034
16:15:10.561 9.8149 -0.1151 -0.0854 0.0092 0.0878 0.0013
16:15:10.584 9.8711 -0.1965 0.0175 0.0028 0.1187 0.0023
16:15:10.601 9.8221 -0.2372 0.3599 0.0007 0.1069 0.0045
16:15:10.621 9.8496 -0.2755 0.3623 0.0018 0.0814 0.0023
16:15:10.643 9.8364 -0.2132 0.4018 0.006 0.0451 0.0045
16:15:10.660 9.8699 -0.1546 0.403 0.0082 0.0089 0.0034
16:15:10.680 9.8364 -0.2635 0.464 0.0039 -0.0369 0.0002
16:15:10.702 9.8472 -0.3485 0.5203 -0.0014 -0.0901 0.0002
16:15:10.720 9.8376 -0.2767 0.4413 -0.0004 -0.1232 0.0013
16:15:10.740 9.8436 -0.0325 0.3192 -0.0004 -0.1381 0.0002
16:15:10.762 9.8628 0.0537 0.2785 -0.0025 -0.1594 0.0013
16:15:10.783 9.8532 -0.0145 0.2138 -0.0014 -0.1775 -0.0019
16:15:10.801 9.8376 0.0884 0.0941 0.006 -0.1743 -0.003
16:15:10.822 9.8233 0.1782 0.0019 0.0082 -0.1615 -0.003
16:15:10.840 9.8101 0.2141 -0.107 0.0028 -0.1391 -0.0041
16:15:10.859 9.828 0.2824 -0.1154 0.0007 -0.1114 -0.0019
16:15:10.884 9.834 0.2907 -0.1692 -0.0014 -0.0688 0.0002
16:15:10.902 9.8304 0.2273 -0.2686 -0.0036 -0.0198 -0.0019
16:15:10.927 9.8101 0.0465 -0.1309 -0.0025 0.0057 -0.0009
16:15:10.941 9.8436 0.1531 -0.0591 -0.0014 0.0174 -0.0009
16:15:10.959 9.8328 0.2381 -0.016 0.0007 0.0302 0.0002
16:15:10.980 9.8197 0.1794 -0.1645 -0.0004 0.0579 -0.0009
16:15:11.001 9.8352 0.11 -0.0926 -0.0004 0.0803 -0.0009
16:15:11.019 9.8508 0.0334 -0.0004 -0.0036 0.0782 -0.0009
16:15:11.039 9.8592 -0.0193 0.1899 -0.0004 0.0569 -0.0051
16:15:11.061 9.8173 -0.0432 0.1312 0.0018 0.0334 -0.0009
16:15:11.079 9.8233 0.0657 0.1743 -0.0004 0.0036 -0.0009
16:15:11.099 9.8592 0.1363 0.2833 0.0007 -0.0369 -0.0009
16:15:11.120 9.8544 0.1255 0.3072 0.0007 -0.0795 0.0002
16:15:11.139 9.8879 0.0669 0.2665 -0.0004 -0.121 -0.003
16:15:11.159 9.8711 -0.0121 0.215 -0.0004 -0.169 -0.0041
16:15:11.181 10.0304 0.1052 0.2761 0.005 -0.2254 -0.0126
16:15:11.199 10.0004 0.1627 0.0893 0.0114 -0.2616 -0.0168
16:15:11.219 9.7969 0.1076 -0.2123 0.0103 -0.2606 -0.0105
16:15:11.240 9.6976 0.1674 -0.1728 0.0082 -0.2499 -0.0073
16:15:11.258 9.755 0.0956 -0.344 0.0039 -0.2382 -0.0062
16:15:11.278 9.8065 0.1315 -0.2423 0.0082 -0.2446 -0.0051
16:15:11.301 9.9346 0.2692 -0.1956 0.0199 -0.2638 -0.0136
16:15:11.320 9.8735 0.1998 -0.356 0.0273 -0.2585 -0.02
16:15:11.339 9.6784 0.1579 -0.8935 0.0103 -0.1892 -0.0073
16:15:11.360 9.7167 0.2369 -0.7941 -0.0004 -0.1093 0.0034
16:15:11.383 9.9238 0.2441 -0.6098 0.0018 -0.0678 -0.0009
16:15:11.398 9.9083 0.0621 -0.6481 0.0028 -0.0294 -0.0083
16:15:11.420 9.7347 -0.0121 -1.0419 -0.0014 0.0707 -0.0019
16:15:11.439 9.664 0.1782 -1.1293 -0.0099 0.1879 0.013
16:15:11.458 9.7838 0.2979 -0.6948 -0.0121 0.2433 0.0162
16:15:11.485 9.9011 0.0693 -0.3165 -0.011 0.2422 0.0077
16:15:11.512 9.8496 0.0022 -0.2614 -0.0089 0.2252 0.0034
16:15:11.520 9.8532 -0.0804 -0.0914 -0.0036 0.1975 0.0013
16:15:11.540 9.8711 -0.1761 -0.0567 -0.0036 0.1549 0.0087
16:15:11.557 9.9095 -0.2037 0.1025 -0.0046 0.0963 0.0055
16:15:11.578 9.9095 -0.1151 -0.0364 -0.0057 0.0558 0.0023
16:15:11.600 9.8628 -0.1534 -0.0328 -0.0036 0.0334 0.0002
16:15:11.618 9.8508 -0.2707 -0.1656 0.0018 0.0377 0.0002
16:15:11.639 9.8304 -0.3186 -0.2506 -0.0014 0.0547 -0.0019
16:15:11.660 9.8412 -0.2946 -0.3009 -0.0142 0.0665 -0.003
16:15:11.677 9.8161 -0.1917 -0.0495 -0.0121 0.0579 0.0013
16:15:11.697 9.8676 -0.0947 0.1037 -0.0025 0.0302 0.0013
16:15:11.719 9.8795 0.1279 0.0067 -0.0004 0.0004 -0.0009
16:15:11.738 9.8484 0.2129 -0.0052 -0.0025 -0.0379 -0.0041
16:15:11.757 9.8723 0.1291 -0.0783 -0.0089 -0.0614 -0.0073
16:15:11.779 9.7814 0.0058 -0.2447 -0.0089 -0.0529 -0.003
16:15:11.798 9.8412 0.177 -0.1656 -0.0036 -0.0497 0.0013
16:15:11.818 9.8532 0.2644 -0.1561 -0.0004 -0.0518 0.0002
16:15:11.839 9.8292 0.3686 -0.198 0.0007 -0.0411 -0.0009
16:15:11.857 9.8304 0.3961 -0.514 -0.0046 0.0068 0.0002
16:15:11.877 9.834 0.3769 -0.4972 -0.0078 0.0665 0.0002
16:15:11.899 9.8424 0.1746 -0.4206 -0.0057 0.1112 -0.003
16:15:11.918 9.7897 0.0908 0.1839 0.0071 0.0633 0.0013
16:15:11.937 9.8819 0.4392 0.3228 0.0146 -0.0113 0.0013
16:15:11.958 9.779 0.6535 -0.3476 0.0103 -0.0049 -0.0062
16:15:11.977 9.8304 0.1136 0.1217 0.0156 -0.0369 -0.003
16:15:11.997 9.84 -0.0851 0.0654 0.0071 -0.1019 0.0034
16:15:12.019 9.9178 0.0633 -0.1465 -0.0004 -0.1338 0.0002
16:15:12.037 9.9035 0.098 -0.2315 -0.0046 -0.1285 -0.003
16:15:12.056 9.8568 -0.0061 -0.0471 -0.0004 -0.1391 -0.0051
16:15:12.082 9.864 -0.0552 -0.192 0.0018 -0.1636 -0.0073
16:15:12.101 9.8747 -0.1139 -0.441 -0.0057 -0.1711 -0.0083
16:15:12.124 9.864 -0.0648 -0.3105 -0.0078 -0.1604 -0.0009
16:15:12.139 9.7718 0.0489 -0.6816 -0.011 -0.1093 -0.0009
16:15:12.157 9.8843 0.0525 -0.4625 -0.0068 -0.0592 -0.0062
16:15:12.177 9.8352 -0.1785 -0.587 -0.0025 -0.0305 -0.0083
16:15:12.199 9.7921 0.0501 -0.3069 0.0039 -0.0337 0.0002
16:15:12.217 9.7478 0.1495 -0.6301 0.005 0.0111 0.0045
16:15:12.237 9.8927 0.5433 -0.7606 0.0039 0.0792 -0.0009
16:15:12.258 9.8807 0.274 -0.5344 0.0028 0.1133 -0.0083
16:15:12.277 9.8221 0.1639 -0.2734 0.0018 0.1037 -0.0051
16:15:12.297 9.8101 0.092 -0.1501 0.0082 0.0846 -0.003
16:15:12.319 9.8544 0.0741 -0.3476 0.0082 0.0931 -0.003
16:15:12.337 9.7586 -0.0145 -0.362 0.0039 0.0942 0.0045
16:15:12.357 9.8939 0.1782 -0.0292 0.0007 0.042 0.0013
16:15:12.378 9.8975 0.0884 0.0965 0.0007 -0.0337 -0.003
16:15:12.397 9.8616 -0.1438 -0.0711 0.0007 -0.0742 -0.0041
16:15:12.417 9.8245 -0.2276 -0.3081 0.006 -0.0571 -0.0019
16:15:12.438 9.7921 -0.2743 -0.6026 -0.0014 -0.0177 -0.0009
16:15:12.456 9.8101 -0.0037 -0.18 0.0028 -0.0262 0.0023
16:15:12.476 9.9262 0.1507 -0.022 0.0103 -0.0699 -0.0073
16:15:12.499 9.9621 0.1591 0.0247 0.022 -0.1051 -0.0211
16:15:12.519 9.931 -0.042 -0.2554 0.0252 -0.1104 -0.035
16:15:12.537 9.7586 -0.2719 -0.5571 0.0188 -0.0742 -0.0286
16:15:12.558 9.8508 -0.2611 -0.9043 0.0167 0.027 -0.0307
16:15:12.576 9.7359 -0.2168 -0.86 0.005 0.1133 -0.019
16:15:12.597 9.7107 -0.0648 -0.5595 -0.01 0.1336 -0.0051
16:15:12.618 9.9454 -0.0013 -0.0495 0.0018 0.1144 -0.0136
16:15:12.636 9.858 0.0585 -0.2159 0.0103 0.0963 -0.0168
16:15:12.656 9.8759 0.1387 -0.0902 0.0092 0.0547 -0.0115
16:15:12.678 9.7191 0.1423 0.0546 0.0071 -0.0039 0.0013
16:15:12.697 9.8951 0.0669 -0.2363 0.0028 -0.0305 0.0002
16:15:12.719 9.8436 0.1184 -0.3356 -0.0057 -0.0337 -0.0009
16:15:12.741 9.9478 0.0166 -0.1836 0.0018 -0.0262 -0.0168
16:15:12.760 9.8484 0.0465 -0.4123 0.0007 -0.0113 -0.0179
16:15:12.776 9.7083 0.0741 -0.2482 0.0039 -0.0156 -0.0062
16:15:12.799 9.8292 0.1375 -0.3261 0.006 -0.0145 -0.003
16:15:12.816 9.8867 0.2477 -0.4697 0.005 0.0153 -0.0115
16:15:12.836 9.9657 0.2692 -0.496 0.0028 0.0483 -0.0286
16:15:12.857 9.7897 0.1782 -0.5834 -0.0057 0.0952 -0.0243
16:15:12.875 9.7514 0.0669 -0.5499 -0.0153 0.1282 -0.0105
16:15:12.896 9.7574 0.0537 0.0295 -0.0014 0.1144 0.0013
16:15:12.918 9.7598 0.1842 -0.083 0.0039 0.091 0.0141
16:15:12.935 9.9047 0.1124 -0.1932 0.0018 0.0963 0.0087
16:15:12.956 9.7838 0.1459 -0.3105 -0.0068 0.1027 0.0119
16:15:12.977 9.8364 0.1004 -0.1214 -0.0057 0.1059 0.0162
16:15:12.998 9.7466 0.1842 -0.101 -0.0025 0.1005 0.0194
16:15:13.016 10.1525 0.183 0.0331 0.0092 0.0941 -0.0073
16:15:13.037 9.7646 0.2417 -0.1214 -0.0004 0.0846 -0.003
16:15:13.055 9.8975 0.2524 -0.089 -0.0046 0.0835 -0.0115
16:15:13.074 9.6245 0.0741 -0.1285 -0.0046 0.1005 0.0002
16:15:13.097 10.0184 0.0789 -0.089 -0.0089 0.1005 -0.0094
16:15:13.116 9.7407 0.0549 0.2342 -0.0046 0.0601 0.0034
16:15:13.135 9.8915 0.2321 0.0869 0.0028 0.0505 0.0002
16:15:13.156 9.8951 0.2345 -0.0914 0.0082 0.0814 -0.0051
16:15:13.174 9.6545 0.0561 -0.1992 -0.0036 0.1005 0.0045
16:15:13.195 10.0076 0.1255 0.069 -0.0068 0.1048 -0.0051
16:15:13.217 9.7012 0.11 0.0726 -0.0046 0.0995 0.0034
16:15:13.235 10.1285 0.0358 0.0522 -0.0025 0.108 -0.0168
16:15:13.255 9.8532 0.0022 0.0582 0.005 0.1282 -0.019
16:15:13.277 9.7335 0.0286 0.1636 0.0167 0.1442 -0.0051
16:15:13.302 9.9861 0.1315 0.0845 -0.0004 0.1261 -0.0115
16:15:13.315 9.7335 0.1902 0.373 -0.0099 0.0782 0.0013
16:15:13.343 9.9142 0.3267 0.5095 0.0018 0.0249 0.0002
16:15:13.358 10.016 0.2776 0.5287 0.0167 -0.0134 -0.0179
16:15:13.376 9.943 0.1579 0.1899 -0.0014 -0.0443 -0.0318
16:15:13.397 9.6832 0.0525 0.2976 -0.0131 -0.0742 -0.0136
16:15:13.416 9.7945 0.0609 0.3479 -0.0142 -0.1114 -0.0051
16:15:13.435 9.9753 0.1255 0.4245 -0.0014 -0.137 -0.0179
16:15:13.455 9.9047 0.1124 0.0929 0.0028 -0.1306 -0.0243
16:15:13.474 9.7143 0.0777 -0.2231 -0.0227 -0.1168 -0.0094
16:15:13.494 9.8376 0.1531 -0.0807 -0.0323 -0.1019 -0.0094
16:15:13.518 9.9418 0.0777 0.1037 -0.0163 -0.0784 -0.019
16:15:13.534 9.7263 0.0825 -0.0639 0.005 -0.0252 -0.0094
16:15:13.554 9.6736 0.1327 -0.2423 0.005 0.027 0.0055
16:15:13.575 9.749 0.2872 0.0558 0.0007 0.0356 0.0194
16:15:13.594 9.7969 0.365 0.13 0.0039 0.0292 0.0268
16:15:13.614 9.8963 0.2453 -0.1034 0.0018 0.0547 0.0226
16:15:13.636 9.8029 0.2261 -0.2734 -0.0163 0.0846 0.0236
16:15:13.654 9.852 0.2357 0.136 -0.0131 0.0973 0.0236
16:15:13.673 9.7383 0.3219 0.1695 -0.0014 0.1005 0.0311
16:15:13.696 9.8915 0.3578 0.1755 -0.0014 0.0899 0.029
16:15:13.714 9.9789 0.4308 0.2533 -0.0089 0.0622 0.0141
16:15:13.734 9.8843 0.3099 0.3563 -0.0057 0.0334 0.0066
16:15:13.755 9.8376 0.262 0.2366 -0.0025 0.0228 0.0045
16:15:13.773 9.8676 0.2632 0.1097 -0.0036 0.0302 0.0034
16:15:13.793 9.8699 0.2548 0.2043 -0.0099 0.0196 0.0013
16:15:13.815 9.8388 0.2141 0.4197 -0.0046 -0.0156 0.0013
16:15:13.833 9.8819 0.2273 0.2809 0.0007 -0.0369 0.0023
16:15:13.853 9.8376 0.2261 0.1851 -0.0014 -0.0433 0.0002
16:15:13.874 9.8352 0.1866 0.1671 -0.0078 -0.0507 -0.0009
16:15:13.893 9.8316 0.1782 0.0522 -0.0142 -0.0497 0.0002
16:15:13.913 9.8388 0.122 0.209 -0.0046 -0.0401 -0.0009
16:15:13.936 9.8149 0.0753 0.2569 0.0007 -0.0571 0.0013
16:15:13.953 9.8436 0.0322 0.3288 0.0039 -0.0923 0.0013
16:15:13.973 9.8376 -0.0792 0.2665 0.0135 -0.1146 0.0034
16:15:13.995 9.8532 -0.1486 0.0055 0.0231 -0.0955 0.0023
16:15:14.013 9.8735 -0.1115 -0.2363 0.0103 -0.0624 -0.0009
16:15:14.033 9.8233 -0.048 -0.0603 0.0007 -0.0497 0.0034
16:15:14.063 9.8005 -0.0301 0.045 0.0018 -0.0422 0.0098
16:15:14.076 9.8173 0.0286 -0.0148 0.005 -0.0316 0.0109
16:15:14.097 9.9178 0.1686 0.0403 0.0124 -0.0124 0.0034
16:15:14.118 9.9154 0.1387 -0.1094 0.005 0.0036 -0.0019
16:15:14.133 9.8376 0.1363 -0.0328 -0.0046 0.0089 -0.003
16:15:14.152 9.8005 0.1423 0.0307 -0.0057 0.0025 0.0023
16:15:14.173 9.8125 0.2046 0.2222 -0.0004 -0.0241 0.0045
16:15:14.192 9.8867 0.2117 0.221 -0.0004 -0.0603 0.0013
16:15:14.212 9.8699 0.195 0.1229 0.0028 -0.0816 -0.003
16:15:14.234 9.828 0.2177 -0.0507 0.0028 -0.0816 -0.003
16:15:14.252 9.8556 0.3027 0.0151 0.0018 -0.0869 -0.0019
16:15:14.272 9.8029 0.2441 0.1109 0.0039 -0.1051 0.0055
16:15:14.294 9.8759 0.1603 -0.1621 0.0103 -0.0944 -0.0009
16:15:14.312 9.8017 0.1806 -0.2159 0.0156 -0.0646 0.0119
16:15:14.332 9.9178 0.2297 -0.1309 0.005 -0.071 0.0066
16:15:14.354 9.8783 0.2979 0.0403 -0.0014 -0.1072 0.0045
16:15:14.372 9.8508 0.347 0.1324 -0.0014 -0.1605 0.0034
16:15:14.391 9.8125 0.3865 0.0534 0.0082 -0.1775 0.0066
16:15:14.413 9.8328 0.2441 -0.593 0.022 -0.0795 0.0045
16:15:14.432 9.8472 0.1052 -0.7008 -0.0185 -0.0401 0.0034
16:15:14.453 9.9023 0.2249 0.4042 -0.0174 -0.1083 0.0002
16:15:14.473 9.8185 0.0382 -0.1896 -0.011 -0.1189 0.0013
16:15:14.491 9.8472 0.0346 -0.2375 -0.0014 -0.1072 0.0023
16:15:14.511 9.9633 0.0094 -0.3799 0.0028 -0.0774 -0.0094
16:15:14.534 9.7826 -0.0277 -0.4805 -0.0078 -0.0465 -0.0083
16:15:14.552 9.8304 -0.1127 -0.5212 -0.0238 -0.0316 -0.0019
16:15:14.571 9.7514 -0.0732 -0.1585 -0.0313 -0.0624 0.0045
16:15:14.593 9.9286 -0.0397 0.0391 -0.0163 -0.1114 -0.003
16:15:14.612 9.7814 -0.0157 -0.2758 -0.0099 -0.1178 -0.0009
16:15:14.631 9.7311 0.0453 -0.5846 -0.0078 -0.0742 0.0087
16:15:14.653 9.7802 0.031 -0.6936 0.0007 -0.0039 0.0141
16:15:14.673 9.8676 0.0118 -0.6577 -0.0004 0.0505 0.0066
16:15:14.697 9.8269 -0.0468 -0.3105 -0.0142 0.0473 0.0023
16:15:14.717 9.7933 0.1435 -0.3237 -0.0142 0.0377 0.0087
16:15:14.735 9.7945 -0.0253 -0.2447 0.0146 0.0611 0.0141
16:15:14.756 9.7407 0.1411 -0.5176 0.0316 0.1282 0.0258
16:15:14.773 9.8472 0.3889 -1.0288 0.0199 0.2465 0.0268
16:15:14.791 9.8496 0.3841 -0.8145 0.0114 0.3519 0.0194
16:15:14.812 9.8412 0.2704 -0.2506 0.0071 0.3732 0.013
16:15:14.834 9.8664 -0.0001 0.2186 0.0092 0.3274 0.013
16:15:14.852 9.7383 0.2644 0.4149 0.0199 0.2561 0.0247
16:15:14.872 9.8292 0.772 0.4473 0.0422 0.1847 0.0311
16:15:14.894 9.9741 0.2979 0.4533 0.0572 0.0984 0.013
16:15:14.910 9.9681 -0.2898 0.2545 0.0327 0.027 0.0045
16:15:14.931 9.8711 -0.2384 0.16 0.0082 -0.0145 -0.003
16:15:14.953 9.8723 0.1483 0.1528 -0.0131 -0.0433 -0.0009
16:15:14.972 9.8376 0.3231 0.1336 -0.0249 -0.088 0.0013
16:15:14.991 9.858 0.0717 0.4664 -0.0153 -0.1551 0.0045
16:15:15.013 9.8257 -0.0576 -0.0292 -0.0089 -0.153 0.0055
16:15:15.031 9.858 -0.1246 -0.7175 -0.0142 -0.0411 0.0002
16:15:15.052 9.8292 -0.212 -0.5583 -0.0366 0.0462 -0.0019
16:15:15.072 9.8472 -0.2456 0.0642 -0.0249 0.0633 -0.003
16:15:15.091 9.846 -0.2659 0.0331 -0.0057 0.0771 0.0002
16:15:15.111 9.8269 -0.4443 -0.2411 -0.0014 0.125 0.0002
16:15:15.133 9.8556 -0.3545 -0.2111 -0.0036 0.1709 -0.0019
16:15:15.151 9.8185 -0.1833 0.1324 -0.0078 0.1527 0.0045
16:15:15.171 9.8472 -0.0432 0.5837 -0.0206 0.059 0.0045
16:15:15.192 9.8891 -0.0732 0.5514 -0.0227 -0.0273 0.0002
16:15:15.211 9.8412 -0.1498 0.1695 -0.0163 -0.0561 -0.0009
16:15:15.231 9.8616 -0.0385 0.2725 -0.027 -0.0997 -0.0009
16:15:15.253 9.8783 0.0046 0.4724 -0.0398 -0.1828 -0.0041
16:15:15.271 9.7 0.6068 0.7741 -0.027 -0.2435 -0.0009
16:15:15.290 9.9502 -0.1103 -0.1261 -0.0206 -0.2094 -0.0083
16:15:15.316 9.7598 0.1627 -0.5248 -0.0121 -0.1232 -0.0019
16:15:15.334 9.7909 -0.042 -0.4003 0.0018 -0.0507 0.0023
16:15:15.353 9.7682 0.0549 0.0606 0.0252 -0.0603 0.0109
16:15:15.373 9.8508 0.1794 0.051 0.0337 -0.0912 0.013
16:15:15.390 9.9729 0.0777 -0.3141 0.0071 -0.0944 0.0034
16:15:15.410 9.8352 0.0202 -0.4218 -0.0078 -0.0561 0.0002
16:15:15.432 9.828 0.001 -0.2985 -0.0099 -0.0209 0.0034
16:15:15.452 9.8149 0.0609 -0.0902 -0.0121 -0.0188 0.0077
16:15:15.470 9.8352 0.0274 0.0319 0.0018 -0.0305 0.0077
16:15:15.492 9.84 0.0513 -0.2195 0.0092 -0.0124 0.0077
16:15:15.510 9.8687 0.1471 -0.4601 -0.0078 0.0174 0.0055
16:15:15.530 9.8029 0.1722 -0.1034 -0.0142 0.0089 0.0066
16:15:15.552 9.7909 0.1722 0.0738 -0.0131 -0.0252 0.0087
16:15:15.570 9.8628 -0.0564 0.045 -0.0036 -0.0582 0.0087
16:15:15.589 9.8855 -0.0444 0.0319 0.0028 -0.0838 0.0066
16:15:15.611 9.8448 -0.0301 -0.3895 -0.0014 -0.0571 0.0066
16:15:15.632 9.8233 0.438 -0.447 -0.0036 -0.0071 0.0055
16:15:15.651 9.8484 0.5038 -0.3368 0.0103 0.043 0.0055
16:15:15.671 9.846 0.2812 -0.1836 0.0188 0.0515 0.0087
16:15:15.689 9.8388 0.1639 -0.2123 0.022 0.0601 0.0077
16:15:15.710 9.8975 -0.054 -0.4218 0.0082 0.0931 -0.0009
16:15:15.732 9.828 -0.0768 -0.2087 -0.0036 0.092 0.0013
16:15:15.750 9.852 0.2453 0.3587 -0.0046 0.0025 0.0023
16:15:15.770 9.8556 0.2596 0.4952 -0.0099 -0.1232 0.0023
16:15:15.791 9.8687 0.1184 0.2988 -0.011 -0.2148 0.0013
16:15:15.810 9.8508 -0.0277 -0.119 -0.0089 -0.2393 0.0002
16:15:15.830 9.7909 0.0825 -0.3727 -0.0089 -0.219 0.0045
16:15:15.852 9.8113 0.3219 -0.5978 -0.0057 -0.169 0.0066
16:15:15.869 9.8125 0.1603 -0.6086 -0.0036 -0.1051 0.0055
16:15:15.889 9.8448 0.007 -0.7127 0.0039 -0.0156 -0.0009
16:15:15.912 9.8364 0.0322 -1.176 0.0135 0.1506 -0.003
16:15:15.932 9.7574 0.0633 -1.2766 0.0156 0.3466 0.0002
16:15:15.951 9.7311 0.0825 -1.103 0.0167 0.5256 0.0098
16:15:15.973 9.7586 0.019 -0.6481 0.0177 0.6417 0.0162
16:15:15.989 9.7766 0.007 -0.3536 0.0241 0.7195 0.013
16:15:16.010 9.8508 -0.0157 0.063 0.0252 0.7386 -0.0009
16:15:16.031 9.8197 -0.0049 0.5538 0.0135 0.679 -0.0019
16:15:16.051 9.8484 0.0202 0.9596 0.0071 0.5682 -0.0041
16:15:16.070 9.8257 0.0621 1.1787 0.0071 0.4329 -0.0009
16:15:16.091 9.8221 0.0633 1.3762 0.0018 0.2699 0.0013
16:15:16.109 9.8711 0.0322 1.3595 -0.0036 0.1176 0.0023
16:15:16.129 9.8807 0.007 1.2577 -0.0025 -0.0145 -0.0019
16:15:16.151 9.8364 0.0262 1.4816 -0.0004 -0.17 0.0013
16:15:16.169 9.8448 -0.0444 1.2493 0.0007 -0.2904 -0.0041
16:15:16.189 9.676 -0.4359 0.901 -0.0089 -0.3511 -0.0019
16:15:16.211 9.8388 -0.1953 0.537 -0.0142 -0.3554 -0.003
16:15:16.231 9.8053 -0.0612 0.2701 -0.0131 -0.3107 -0.0062
16:15:16.250 9.8424 0.1315 -0.1118 -0.0046 -0.2276 -0.0051
16:15:16.270 9.7957 0.0453 -0.2435 -0.0025 -0.1242 -0.0009
16:15:16.288 9.8472 0.1662 -0.4984 0.005 -0.0145 -0.0051
16:15:16.308 9.7 0.5098 0.0522 0.006 0.0409 -0.0019
16:15:16.330 9.864 0.0238 0.4688 0.0018 0.042 -0.003
16:15:16.350 9.8472 0.0058 0.2055 0.0007 0.027 -0.003
16:15:16.368 9.8304 0.0166 0.6077 0.0018 -0.0241 -0.0019
16:15:16.390 9.8173 0.0382 0.4784 0.0028 -0.0539 0.0077
16:15:16.408 9.8101 0.0549 0.4449 0.0071 -0.0869 0.0087
16:15:16.429 9.8604 0.025 0.8028 0.0071 -0.1754 0.0087
16:15:16.452 9.8987 -0.0839 0.6304 0.006 -0.251 0.0013
16:15:16.469 9.8173 -0.0516 0.4353 0.0018 -0.3021 0.0023
16:15:16.495 9.8269 0.0441 0.3467 -0.0036 -0.3437 0.0066
16:15:16.514 9.8592 -0.0025 0.209 -0.0057 -0.365 0.0066
16:15:16.534 9.8448 -0.0229 -0.1357 -0.0014 -0.3415 0.0034
16:15:16.550 9.8125 -0.0037 -0.3512 0.0018 -0.2798 0.0045
16:15:16.571 9.8352 0.0286 -0.4913 0.005 -0.2041 0.0002
16:15:16.588 9.8245 -0.0097 -0.35 0.0039 -0.1551 0.0013
16:15:16.608 9.8376 -0.0301 -0.429 0.005 -0.1008 -0.0019
16:15:16.630 9.8161 0.0202 -0.5798 0.0028 -0.0252 -0.0041
16:15:16.650 9.8125 0.0142 -0.5044 0.005 0.0324 -0.0009
16:15:16.668 9.846 -0.0337 -0.1489 0.005 0.0292 0.0013
16:15:16.689 9.8544 -0.0325 0.1157 0.0039 -0.0177 -0.0019
16:15:16.707 9.8664 0.019 0.0486 0.0018 -0.0624 -0.0019
16:15:16.728 9.8436 -0.0121 -0.004 0.0007 -0.1008 -0.003
16:15:16.751 9.834 0.0094 -0.1549 -0.0014 -0.1232 0.0013
16:15:16.769 9.8747 -0.0277 -0.2482 -0.0025 -0.1253 -0.003
16:15:16.788 9.84 -0.0205 -0.4123 -0.0004 -0.0987 -0.0073
16:15:16.809 9.8029 0.0501 -0.4482 -0.0004 -0.0582 -0.0041
16:15:16.828 9.8137 0.0106 -0.6409 -0.0014 0.0057 -0.003
16:15:16.850 9.8269 0.0082 -0.7139 0.0028 0.076 -0.0041
16:15:16.870 9.8197 -0.0169 -0.4889 0.0039 0.1155 -0.0009
16:15:16.888 9.8149 0.0082 -0.1597 0.0028 0.0995 0.0023
16:15:16.907 9.8388 0.0166 0.0295 0.0007 0.0537 0.0002
16:15:16.929 9.8795 -0.0085 0.0917 -0.0014 0.0004 -0.0009
16:15:16.949 9.864 -0.0133 0.0414 -0.0025 -0.0507 -0.0019
16:15:16.967 9.84 -0.0085 -0.095 -0.0046 -0.0869 0.0002
16:15:16.989 9.8257 0.019 -0.3416 -0.0068 -0.0869 0.0034
16:15:17.007 9.8101 0.013 -0.4374 -0.0057 -0.056 0.0045
16:15:17.028 9.8616 -0.0265 -0.4757 -0.0014 -0.0166 0.0013
16:15:17.057 9.8508 -0.0289 -0.356 0.0018 -0.0049 -0.0009
16:15:17.074 9.8388 -0.0229 -0.2482 -0.0004 -0.0113 0.0013
16:15:17.090 9.8245 -0.0181 -0.2937 -0.0036 -0.0156 0.0034
16:15:17.108 9.84 -0.0325 -0.3129 -0.0014 -0.0081 0.0013
16:15:17.128 9.8556 -0.0013 -0.2339 -0.0004 -0.0102 -0.0009
16:15:17.147 9.8292 0.0226 -0.0795 -0.0025 -0.0379 -0.003
16:15:17.169 9.834 0.013 -0.1621 -0.0036 -0.0646 -0.0041
16:15:17.187 9.8352 -0.0109 -0.3775 -0.0014 -0.0667 -0.0051
16:15:17.206 9.8424 -0.0253 -0.3273 0.0007 -0.0656 -0.0009
16:15:17.309 9.8328 -0.0037 -0.2662 -0.0014 -0.072 -0.0009
16:15:17.314 9.8376 0.0226 -0.3835 -0.0014 -0.0688 0.0002
16:15:17.318 9.8436 -0.0049 -0.4386 -0.0004 -0.0571 0.0023
16:15:17.322 9.8376 -0.0313 -0.4039 0.0018 -0.0592 0.0002
16:15:17.329 9.8149 -0.0085 -0.1764 -0.0014 -0.0987 0.0055
16:15:17.332 9.8436 -0.0049 -0.1561 -0.0057 -0.1509 0.0098
16:15:17.349 9.846 -0.0289 -0.2542 -0.0078 -0.1839 0.0066
16:15:17.367 9.8568 -0.0468 -0.429 -0.0046 -0.1945 0.0002
16:15:17.388 9.8077 -0.0133 -0.4913 -0.0036 -0.1999 0.0002
16:15:17.410 9.8005 0.0238 -0.581 -0.0046 -0.1988 0.0055
16:15:17.426 9.8376 -0.0337 -0.7558 -0.0025 -0.1743 0.0013
16:15:17.446 9.8532 -0.0397 -0.8049 -0.0004 -0.1328 -0.003
16:15:17.469 9.8101 -0.0025 -0.7738 0.0007 -0.1019 -0.0019
16:15:17.486 9.8017 -0.0049 -0.8276 -0.0004 -0.0688 0.0013
16:15:17.506 9.8388 -0.0025 -0.8743 -0.0004 -0.0294 -0.003
16:15:17.528 9.8257 -0.0193 -0.7594 0.0018 -0.0028 -0.0062
16:15:17.549 9.828 -0.0133 -0.6373 0.0007 -0.0028 -0.003
16:15:17.567 9.8149 0.0106 -0.5571 -0.0014 -0.0209 0.0013
16:15:17.588 9.8556 -0.0205 -0.6337 -0.0014 -0.0305 0.0013
16:15:17.606 9.8412 -0.0624 -0.6577 -0.0004 -0.0326 -0.0041
16:15:17.626 9.8161 -0.0313 -0.6277 -0.0014 -0.0422 -0.003
16:15:17.648 9.84 -0.0241 -0.7115 -0.0014 -0.0401 -0.003
16:15:17.667 9.8029 -0.0301 -0.781 -0.0014 -0.0198 -0.0062
